0.000000000000000000e+00 0.000000000000000000e+00 0.000000000000000000e+00 0.000000000000000000e+00 0.000000000000000000e+00 0.000000000000000000e+00 0.000000000000000000e+00 0.000000000000000000e+00 0.000000000000000000e+00 0.000000000000000000e+00
1.000000000000000000e+00 5.000000000000000000e+00 1.000000000000000000e+00 1.056624327025929982e-01 1.056624327025929982e-01 1.000000000000000000e+00 0.000000000000000000e+00 0.000000000000000000e+00 1.000000000000000000e+00 1.000000000000000000e+00
1.000000000000000000e+00 5.000000000000000000e+00 2.000000000000000000e+00 3.943375672974079871e-01 1.056624327025929982e-01 1.000000000000000000e+00 0.000000000000000000e+00 0.000000000000000000e+00 1.000000000000000000e+00 1.000000000000000000e+00
1.000000000000000000e+00 5.000000000000000000e+00 3.000000000000000000e+00 1.056624327025929982e-01 3.943375672974079871e-01 1.000000000000000000e+00 0.000000000000000000e+00 0.000000000000000000e+00 1.000000000000000000e+00 1.000000000000000000e+00
1.000000000000000000e+00 5.000000000000000000e+00 4.000000000000000000e+00 3.943375672974079871e-01 3.943375672974079871e-01 1.000000000000000000e+00 0.000000000000000000e+00 0.000000000000000000e+00 1.000000000000000000e+00 1.000000000000000000e+00
1.000000000000000000e+00 6.000000000000000000e+00 1.000000000000000000e+00 6.056624327025930121e-01 1.056624327025929982e-01 1.000000000000000000e+00 0.000000000000000000e+00 0.000000000000000000e+00 1.000000000000000000e+00 1.000000000000000000e+00
1.000000000000000000e+00 6.000000000000000000e+00 2.000000000000000000e+00 8.943375672974069879e-01 1.056624327025929982e-01 1.000000000000000000e+00 0.000000000000000000e+00 0.000000000000000000e+00 1.000000000000000000e+00 1.000000000000000000e+00
1.000000000000000000e+00 6.000000000000000000e+00 3.000000000000000000e+00 6.056624327025930121e-01 3.943375672974079871e-01 1.000000000000000000e+00 0.000000000000000000e+00 0.000000000000000000e+00 1.000000000000000000e+00 1.000000000000000000e+00
1.000000000000000000e+00 6.000000000000000000e+00 4.000000000000000000e+00 8.943375672974079871e-01 3.943375672974079871e-01 1.000000000000000000e+00 0.000000000000000000e+00 0.000000000000000000e+00 1.000000000000000000e+00 1.000000000000000000e+00
1.000000000000000000e+00 7.000000000000000000e+00 1.000000000000000000e+00 1.056624327025929982e-01 6.056624327025930121e-01 1.000000000000000000e+00 0.000000000000000000e+00 0.000000000000000000e+00 1.000000000000000000e+00 1.000000000000000000e+00
1.000000000000000000e+00 7.000000000000000000e+00 2.000000000000000000e+00 3.943375672974079871e-01 6.056624327025930121e-01 1.000000000000000000e+00 0.000000000000000000e+00 0.000000000000000000e+00 1.000000000000000000e+00 1.000000000000000000e+00
1.000000000000000000e+00 7.000000000000000000e+00 3.000000000000000000e+00 1.056624327025929982e-01 8.943375672974079871e-01 1.000000000000000000e+00 0.000000000000000000e+00 0.000000000000000000e+00 1.000000000000000000e+00 1.000000000000000000e+00
1.000000000000000000e+00 7.000000000000000000e+00 4.000000000000000000e+00 3.943375672974079871e-01 8.943375672974069879e-01 1.000000000000000000e+00 0.000000000000000000e+00 0.000000000000000000e+00 1.000000000000000000e+00 1.000000000000000000e+00
1.000000000000000000e+00 8.000000000000000000e+00 1.000000000000000000e+00 6.056624327025930121e-01 6.056624327025930121e-01 1.000000000000000000e+00 0.000000000000000000e+00 0.000000000000000000e+00 1.000000000000000000e+00 1.000000000000000000e+00
1.000000000000000000e+00 8.000000000000000000e+00 2.000000000000000000e+00 8.943375672974069879e-01 6.056624327025930121e-01 1.000000000000000000e+00 0.000000000000000000e+00 0.000000000000000000e+00 1.000000000000000000e+00 1.000000000000000000e+00
1.000000000000000000e+00 8.000000000000000000e+00 3.000000000000000000e+00 6.056624327025930121e-01 8.943375672974079871e-01 1.000000000000000000e+00 0.000000000000000000e+00 0.000000000000000000e+00 1.000000000000000000e+00 1.000000000000000000e+00
1.000000000000000000e+00 8.000000000000000000e+00 4.000000000000000000e+00 8.943375672974079871e-01 8.943375672974069879e-01 1.000000000000000000e+00 0.000000000000000000e+00 0.000000000000000000e+00 1.000000000000000000e+00 1.000000000000000000e+00
0.000000000000000000e+00 5.000000000000000000e+00 1.000000000000000000e+00 1.056624327025929982e-01 1.056624327025929982e-01 1.000000000000000000e+00 0.000000000000000000e+00 0.000000000000000000e+00 1.000000000000000000e+00 1.000000000000000000e+00
0.000000000000000000e+00 5.000000000000000000e+00 2.000000000000000000e+00 3.943375672974079871e-01 1.056624327025929982e-01 1.000000000000000000e+00 0.000000000000000000e+00 0.000000000000000000e+00 1.000000000000000000e+00 1.000000000000000000e+00
0.000000000000000000e+00 5.000000000000000000e+00 3.000000000000000000e+00 1.056624327025929982e-01 3.943375672974079871e-01 1.000000000000000000e+00 0.000000000000000000e+00 0.000000000000000000e+00 1.000000000000000000e+00 1.000000000000000000e+00
0.000000000000000000e+00 5.000000000000000000e+00 4.000000000000000000e+00 3.943375672974079871e-01 3.943375672974079871e-01 1.000000000000000000e+00 0.000000000000000000e+00 0.000000000000000000e+00 1.000000000000000000e+00 1.000000000000000000e+00
0.000000000000000000e+00 6.000000000000000000e+00 1.000000000000000000e+00 6.056624327025930121e-01 1.056624327025929982e-01 1.000000000000000000e+00 0.000000000000000000e+00 0.000000000000000000e+00 1.000000000000000000e+00 1.000000000000000000e+00
0.000000000000000000e+00 6.000000000000000000e+00 2.000000000000000000e+00 8.943375672974069879e-01 1.056624327025929982e-01 1.000000000000000000e+00 0.000000000000000000e+00 0.000000000000000000e+00 1.000000000000000000e+00 1.000000000000000000e+00
0.000000000000000000e+00 6.000000000000000000e+00 3.000000000000000000e+00 6.056624327025930121e-01 3.943375672974079871e-01 1.000000000000000000e+00 0.000000000000000000e+00 0.000000000000000000e+00 1.000000000000000000e+00 1.000000000000000000e+00
0.000000000000000000e+00 6.000000000000000000e+00 4.000000000000000000e+00 8.943375672974079871e-01 3.943375672974079871e-01 1.000000000000000000e+00 0.000000000000000000e+00 0.000000000000000000e+00 1.000000000000000000e+00 1.000000000000000000e+00
0.000000000000000000e+00 7.000000000000000000e+00 1.000000000000000000e+00 1.056624327025929982e-01 6.056624327025930121e-01 1.000000000000000000e+00 0.000000000000000000e+00 0.000000000000000000e+00 1.000000000000000000e+00 1.000000000000000000e+00
0.000000000000000000e+00 7.000000000000000000e+00 2.000000000000000000e+00 3.943375672974079871e-01 6.056624327025930121e-01 1.000000000000000000e+00 0.000000000000000000e+00 0.000000000000000000e+00 1.000000000000000000e+00 1.000000000000000000e+00
0.000000000000000000e+00 7.000000000000000000e+00 3.000000000000000000e+00 1.056624327025929982e-01 8.943375672974079871e-01 1.000000000000000000e+00 0.000000000000000000e+00 0.000000000000000000e+00 1.000000000000000000e+00 1.000000000000000000e+00
0.000000000000000000e+00 7.000000000000000000e+00 4.000000000000000000e+00 3.943375672974079871e-01 8.943375672974069879e-01 1.000000000000000000e+00 0.000000000000000000e+00 0.000000000000000000e+00 1.000000000000000000e+00 1.000000000000000000e+00
0.000000000000000000e+00 8.000000000000000000e+00 1.000000000000000000e+00 6.056624327025930121e-01 6.056624327025930121e-01 1.000000000000000000e+00 0.000000000000000000e+00 0.000000000000000000e+00 1.000000000000000000e+00 1.000000000000000000e+00
0.000000000000000000e+00 8.000000000000000000e+00 2.000000000000000000e+00 8.943375672974069879e-01 6.056624327025930121e-01 1.000000000000000000e+00 0.000000000000000000e+00 0.000000000000000000e+00 1.000000000000000000e+00 1.000000000000000000e+00
0.000000000000000000e+00 8.000000000000000000e+00 3.000000000000000000e+00 6.056624327025930121e-01 8.943375672974079871e-01 1.000000000000000000e+00 0.000000000000000000e+00 0.000000000000000000e+00 1.000000000000000000e+00 1.000000000000000000e+00
0.000000000000000000e+00 8.000000000000000000e+00 4.000000000000000000e+00 8.943375672974079871e-01 8.943375672974069879e-01 1.000000000000000000e+00 0.000000000000000000e+00 0.000000000000000000e+00 1.000000000000000000e+00 1.000000000000000000e+00
1.000000000000000000e+00 5.000000000000000000e+00 1.000000000000000000e+00 1.056624327025929982e-01 1.056624327025929982e-01 1.000000000000000000e+00 0.000000000000000000e+00 0.000000000000000000e+00 1.000000000000000000e+00 1.000000000000000000e+00
1.000000000000000000e+00 5.000000000000000000e+00 2.000000000000000000e+00 3.943375672974079871e-01 1.056624327025929982e-01 1.000000000000000000e+00 0.000000000000000000e+00 0.000000000000000000e+00 1.000000000000000000e+00 1.000000000000000000e+00
1.000000000000000000e+00 5.000000000000000000e+00 3.000000000000000000e+00 1.056624327025929982e-01 3.943375672974079871e-01 1.000000000000000000e+00 0.000000000000000000e+00 0.000000000000000000e+00 1.000000000000000000e+00 1.000000000000000000e+00
1.000000000000000000e+00 5.000000000000000000e+00 4.000000000000000000e+00 3.943375672974079871e-01 3.943375672974079871e-01 1.000000000000000000e+00 0.000000000000000000e+00 0.000000000000000000e+00 1.000000000000000000e+00 1.000000000000000000e+00
1.000000000000000000e+00 6.000000000000000000e+00 1.000000000000000000e+00 6.056624327025930121e-01 1.056624327025929982e-01 1.000000000000000000e+00 0.000000000000000000e+00 0.000000000000000000e+00 1.000000000000000000e+00 1.000000000000000000e+00
1.000000000000000000e+00 6.000000000000000000e+00 2.000000000000000000e+00 8.943375672974069879e-01 1.056624327025929982e-01 1.000000000000000000e+00 0.000000000000000000e+00 0.000000000000000000e+00 1.000000000000000000e+00 1.000000000000000000e+00
1.000000000000000000e+00 6.000000000000000000e+00 3.000000000000000000e+00 6.056624327025930121e-01 3.943375672974079871e-01 1.000000000000000000e+00 0.000000000000000000e+00 0.000000000000000000e+00 1.000000000000000000e+00 1.000000000000000000e+00
1.000000000000000000e+00 6.000000000000000000e+00 4.000000000000000000e+00 8.943375672974079871e-01 3.943375672974079871e-01 1.000000000000000000e+00 0.000000000000000000e+00 0.000000000000000000e+00 1.000000000000000000e+00 1.000000000000000000e+00
1.000000000000000000e+00 7.000000000000000000e+00 1.000000000000000000e+00 1.056624327025929982e-01 6.056624327025930121e-01 1.000000000000000000e+00 0.000000000000000000e+00 0.000000000000000000e+00 1.000000000000000000e+00 1.000000000000000000e+00
1.000000000000000000e+00 7.000000000000000000e+00 2.000000000000000000e+00 3.943375672974079871e-01 6.056624327025930121e-01 1.000000000000000000e+00 0.000000000000000000e+00 0.000000000000000000e+00 1.000000000000000000e+00 1.000000000000000000e+00
1.000000000000000000e+00 7.000000000000000000e+00 3.000000000000000000e+00 1.056624327025929982e-01 8.943375672974079871e-01 1.000000000000000000e+00 0.000000000000000000e+00 0.000000000000000000e+00 1.000000000000000000e+00 1.000000000000000000e+00
1.000000000000000000e+00 7.000000000000000000e+00 4.000000000000000000e+00 3.943375672974079871e-01 8.943375672974069879e-01 1.000000000000000000e+00 0.000000000000000000e+00 0.000000000000000000e+00 1.000000000000000000e+00 1.000000000000000000e+00
1.000000000000000000e+00 8.000000000000000000e+00 1.000000000000000000e+00 6.056624327025930121e-01 6.056624327025930121e-01 1.000000000000000000e+00 0.000000000000000000e+00 0.000000000000000000e+00 1.000000000000000000e+00 1.000000000000000000e+00
1.000000000000000000e+00 8.000000000000000000e+00 2.000000000000000000e+00 8.943375672974069879e-01 6.056624327025930121e-01 1.000000000000000000e+00 0.000000000000000000e+00 0.000000000000000000e+00 1.000000000000000000e+00 1.000000000000000000e+00
1.000000000000000000e+00 8.000000000000000000e+00 3.000000000000000000e+00 6.056624327025930121e-01 8.943375672974079871e-01 1.000000000000000000e+00 0.000000000000000000e+00 0.000000000000000000e+00 1.000000000000000000e+00 1.000000000000000000e+00
1.000000000000000000e+00 8.000000000000000000e+00 4.000000000000000000e+00 8.943375672974079871e-01 8.943375672974069879e-01 1.000000000000000000e+00 0.000000000000000000e+00 0.000000000000000000e+00 1.000000000000000000e+00 1.000000000000000000e+00
1.000000000000000000e+00 5.000000000000000000e+00 1.000000000000000000e+00 1.162286759728519969e-01 1.024925597215149975e-01 1.100000000000000089e+00 -1.040834085586079943e-17 2.602085213965209871e-18 9.699999999999999734e-01 9.372071227741329835e-01
1.000000000000000000e+00 5.000000000000000000e+00 2.000000000000000000e+00 4.337713240271480197e-01 1.024925597215149975e-01 1.100000000000000089e+00 -4.163336342344340108e-17 2.602085213965209871e-18 9.699999999999999734e-01 9.372071227741329835e-01
1.000000000000000000e+00 5.000000000000000000e+00 3.000000000000000000e+00 1.162286759728519969e-01 3.825074402784849892e-01 1.100000000000000089e+00 -1.040834085586079943e-17 6.938893903907229918e-18 9.699999999999999734e-01 9.372071227741329835e-01
1.000000000000000000e+00 5.000000000000000000e+00 4.000000000000000000e+00 4.337713240271480197e-01 3.825074402784849892e-01 1.100000000000000089e+00 -4.163336342344340108e-17 6.938893903907229918e-18 9.699999999999999734e-01 9.372071227741329835e-01
1.000000000000000000e+00 6.000000000000000000e+00 1.000000000000000000e+00 6.662286759728519581e-01 1.024925597215149975e-01 1.100000000000000089e+00 -3.053113317719180116e-17 4.336808689942020201e-17 9.699999999999999734e-01 9.372071227741329835e-01
1.000000000000000000e+00 6.000000000000000000e+00 2.000000000000000000e+00 9.837713240271479531e-01 1.024925597215149975e-01 1.100000000000000089e+00 -1.457167719820519870e-17 4.336808689942020201e-17 9.699999999999999734e-01 9.372071227741329835e-01
1.000000000000000000e+00 6.000000000000000000e+00 3.000000000000000000e+00 6.662286759728519581e-01 3.825074402784849892e-01 1.100000000000000089e+00 -3.053113317719180116e-17 1.387778780781449990e-17 9.699999999999999734e-01 9.372071227741329835e-01
1.000000000000000000e+00 6.000000000000000000e+00 4.000000000000000000e+00 9.837713240271479531e-01 3.825074402784849892e-01 1.100000000000000089e+00 -1.457167719820519870e-17 1.387778780781449990e-17 9.699999999999999734e-01 9.372071227741329835e-01
1.000000000000000000e+00 7.000000000000000000e+00 1.000000000000000000e+00 1.162286759728519969e-01 5.874925597215150397e-01 1.100000000000000089e+00 1.734723475976809868e-17 1.734723475976810176e-18 9.699999999999999734e-01 9.372071227741329835e-01
1.000000000000000000e+00 7.000000000000000000e+00 2.000000000000000000e+00 4.337713240271480197e-01 5.874925597215150397e-01 1.100000000000000089e+00 5.551115123125780237e-17 1.734723475976810176e-18 9.699999999999999734e-01 9.372071227741329835e-01
1.000000000000000000e+00 7.000000000000000000e+00 3.000000000000000000e+00 1.162286759728519969e-01 8.675074402784850314e-01 1.100000000000000089e+00 1.734723475976809868e-17 -2.081668171172170054e-17 9.699999999999999734e-01 9.372071227741329835e-01
1.000000000000000000e+00 7.000000000000000000e+00 4.000000000000000000e+00 4.337713240271480197e-01 8.675074402784850314e-01 1.100000000000000089e+00 5.551115123125780237e-17 -2.081668171172170054e-17 9.699999999999999734e-01 9.372071227741329835e-01
1.000000000000000000e+00 8.000000000000000000e+00 1.000000000000000000e+00 6.662286759728519581e-01 5.874925597215150397e-01 1.100000000000000089e+00 6.661338147750940229e-17 3.469446951953609952e-18 9.699999999999999734e-01 9.372071227741329835e-01
1.000000000000000000e+00 8.000000000000000000e+00 2.000000000000000000e+00 9.837713240271479531e-01 5.874925597215150397e-01 1.100000000000000089e+00 2.775557561562889964e-18 3.469446951953609952e-18 9.699999999999999734e-01 9.372071227741329835e-01
1.000000000000000000e+00 8.000000000000000000e+00 3.000000000000000000e+00 6.662286759728519581e-01 8.675074402784850314e-01 1.100000000000000089e+00 6.661338147750940229e-17 0.000000000000000000e+00 9.699999999999999734e-01 9.372071227741329835e-01
1.000000000000000000e+00 8.000000000000000000e+00 4.000000000000000000e+00 9.837713240271479531e-01 8.675074402784850314e-01 1.100000000000000089e+00 2.775557561562889964e-18 0.000000000000000000e+00 9.699999999999999734e-01 9.372071227741329835e-01
1.000000000000000000e+00 5.000000000000000000e+00 1.000000000000000000e+00 1.162286759728519969e-01 1.006864925975750058e-01 1.100000000000000089e+00 -1.040834085586079943e-17 -5.204170427930419742e-18 9.529071972152789449e-01 9.540183049803629967e-01
1.000000000000000000e+00 5.000000000000000000e+00 2.000000000000000000e+00 4.337713240271480197e-01 1.006864925975750058e-01 1.100000000000000089e+00 -4.163336342344340108e-17 -5.204170427930419742e-18 9.529071972152789449e-01 9.540183049803629967e-01
1.000000000000000000e+00 5.000000000000000000e+00 3.000000000000000000e+00 1.162286759728519969e-01 3.757671060100640226e-01 1.100000000000000089e+00 -1.040834085586079943e-17 -1.387778780781449990e-17 9.529071972152789449e-01 9.540183049803629967e-01
1.000000000000000000e+00 5.000000000000000000e+00 4.000000000000000000e+00 4.337713240271480197e-01 3.757671060100640226e-01 1.100000000000000089e+00 -4.163336342344340108e-17 -1.387778780781449990e-17 9.529071972152789449e-01 9.540183049803629967e-01
1.000000000000000000e+00 6.000000000000000000e+00 1.000000000000000000e+00 6.662286759728519581e-01 1.006864925975750058e-01 1.100000000000000089e+00 -3.053113317719180116e-17 1.561251128379130083e-17 9.529071972152789449e-01 9.540183049803629967e-01
1.000000000000000000e+00 6.000000000000000000e+00 2.000000000000000000e+00 9.837713240271479531e-01 1.006864925975750058e-01 1.100000000000000089e+00 -1.804112415015880056e-17 1.561251128379130083e-17 9.529071972152789449e-01 9.540183049803629967e-01
1.000000000000000000e+00 6.000000000000000000e+00 3.000000000000000000e+00 6.662286759728519581e-01 3.757671060100640226e-01 1.100000000000000089e+00 -3.053113317719180116e-17 6.938893903907229918e-18 9.529071972152789449e-01 9.540183049803629967e-01
1.000000000000000000e+00 6.000000000000000000e+00 4.000000000000000000e+00 9.837713240271479531e-01 3.757671060100640226e-01 1.100000000000000089e+00 -1.804112415015880056e-17 6.938893903907229918e-18 9.529071972152789449e-01 9.540183049803629967e-01
1.000000000000000000e+00 7.000000000000000000e+00 1.000000000000000000e+00 1.162286759728519969e-01 5.771400912052150334e-01 1.100000000000000089e+00 1.387778780781449990e-17 -2.081668171172170054e-17 9.529071972152789449e-01 9.540183049803629967e-01
1.000000000000000000e+00 7.000000000000000000e+00 2.000000000000000000e+00 4.337713240271480197e-01 5.771400912052150334e-01 1.100000000000000089e+00 5.551115123125780237e-17 -2.081668171172170054e-17 9.529071972152789449e-01 9.540183049803629967e-01
1.000000000000000000e+00 7.000000000000000000e+00 3.000000000000000000e+00 1.162286759728519969e-01 8.522207046177030509e-01 1.100000000000000089e+00 1.387778780781449990e-17 -2.775557561562890118e-17 9.529071972152789449e-01 9.540183049803629967e-01
1.000000000000000000e+00 7.000000000000000000e+00 4.000000000000000000e+00 4.337713240271480197e-01 8.522207046177030509e-01 1.100000000000000089e+00 5.551115123125780237e-17 -2.775557561562890118e-17 9.529071972152789449e-01 9.540183049803629967e-01
1.000000000000000000e+00 8.000000000000000000e+00 1.000000000000000000e+00 6.662286759728519581e-01 5.771400912052150334e-01 1.100000000000000089e+00 6.661338147750940229e-17 -6.938893903907229918e-18 9.529071972152789449e-01 9.540183049803629967e-01
1.000000000000000000e+00 8.000000000000000000e+00 2.000000000000000000e+00 9.837713240271479531e-01 5.771400912052150334e-01 1.100000000000000089e+00 -4.163336342344339954e-18 -6.938893903907229918e-18 9.529071972152789449e-01 9.540183049803629967e-01
1.000000000000000000e+00 8.000000000000000000e+00 3.000000000000000000e+00 6.662286759728519581e-01 8.522207046177030509e-01 1.100000000000000089e+00 6.661338147750940229e-17 -1.387778780781449990e-17 9.529071972152789449e-01 9.540183049803629967e-01
1.000000000000000000e+00 8.000000000000000000e+00 4.000000000000000000e+00 9.837713240271479531e-01 8.522207046177030509e-01 1.100000000000000089e+00 -4.163336342344339954e-18 -1.387778780781449990e-17 9.529071972152789449e-01 9.540183049803629967e-01
1.000000000000000000e+00 5.000000000000000000e+00 1.000000000000000000e+00 1.162286759728519969e-01 1.007673473598109937e-01 1.100000000000000089e+00 -1.040834085586079943e-17 -6.938893903907229918e-18 9.536724149011399643e-01 9.532528097555890145e-01
1.000000000000000000e+00 5.000000000000000000e+00 2.000000000000000000e+00 4.337713240271480197e-01 1.007673473598109937e-01 1.100000000000000089e+00 -4.163336342344340108e-17 -6.938893903907229918e-18 9.536724149011399643e-01 9.532528097555890145e-01
1.000000000000000000e+00 5.000000000000000000e+00 3.000000000000000000e+00 1.162286759728519969e-01 3.760688600907590162e-01 1.100000000000000089e+00 -1.040834085586079943e-17 -2.081668171172170054e-17 9.536724149011399643e-01 9.532528097555890145e-01
1.000000000000000000e+00 5.000000000000000000e+00 4.000000000000000000e+00 4.337713240271480197e-01 3.760688600907590162e-01 1.100000000000000089e+00 -4.163336342344340108e-17 -2.081668171172170054e-17 9.536724149011399643e-01 9.532528097555890145e-01
1.000000000000000000e+00 6.000000000000000000e+00 1.000000000000000000e+00 6.662286759728519581e-01 1.007673473598109937e-01 1.100000000000000089e+00 -3.053113317719180116e-17 2.428612866367529932e-17 9.536724149011399643e-01 9.532528097555890145e-01
1.000000000000000000e+00 6.000000000000000000e+00 2.000000000000000000e+00 9.837713240271479531e-01 1.007673473598109937e-01 1.100000000000000089e+00 -2.498001805406600121e-17 2.428612866367529932e-17 9.536724149011399643e-01 9.532528097555890145e-01
1.000000000000000000e+00 6.000000000000000000e+00 3.000000000000000000e+00 6.662286759728519581e-01 3.760688600907590162e-01 1.100000000000000089e+00 -3.053113317719180116e-17 0.000000000000000000e+00 9.536724149011399643e-01 9.532528097555890145e-01
1.000000000000000000e+00 6.000000000000000000e+00 4.000000000000000000e+00 9.837713240271479531e-01 3.760688600907590162e-01 1.100000000000000089e+00 -2.498001805406600121e-17 0.000000000000000000e+00 9.536724149011399643e-01 9.532528097555890145e-01
1.000000000000000000e+00 7.000000000000000000e+00 1.000000000000000000e+00 1.162286759728519969e-01 5.776035548103809480e-01 1.100000000000000089e+00 1.387778780781449990e-17 -2.775557561562890118e-17 9.536724149011399643e-01 9.532528097555890145e-01
1.000000000000000000e+00 7.000000000000000000e+00 2.000000000000000000e+00 4.337713240271480197e-01 5.776035548103809480e-01 1.100000000000000089e+00 5.551115123125780237e-17 -2.775557561562890118e-17 9.536724149011399643e-01 9.532528097555890145e-01
1.000000000000000000e+00 7.000000000000000000e+00 3.000000000000000000e+00 1.162286759728519969e-01 8.529050675413289984e-01 1.100000000000000089e+00 1.387778780781449990e-17 -4.163336342344340108e-17 9.536724149011399643e-01 9.532528097555890145e-01
1.000000000000000000e+00 7.000000000000000000e+00 4.000000000000000000e+00 4.337713240271480197e-01 8.529050675413289984e-01 1.100000000000000089e+00 5.551115123125780237e-17 -4.163336342344340108e-17 9.536724149011399643e-01 9.532528097555890145e-01
1.000000000000000000e+00 8.000000000000000000e+00 1.000000000000000000e+00 6.662286759728519581e-01 5.776035548103809480e-01 1.100000000000000089e+00 6.661338147750940229e-17 -1.734723475976809868e-17 9.536724149011399643e-01 9.532528097555890145e-01
1.000000000000000000e+00 8.000000000000000000e+00 2.000000000000000000e+00 9.837713240271479531e-01 5.776035548103809480e-01 1.100000000000000089e+00 1.665334536937730127e-17 -1.734723475976809868e-17 9.536724149011399643e-01 9.532528097555890145e-01
1.000000000000000000e+00 8.000000000000000000e+00 3.000000000000000000e+00 6.662286759728519581e-01 8.529050675413289984e-01 1.100000000000000089e+00 6.661338147750940229e-17 -4.163336342344340108e-17 9.536724149011399643e-01 9.532528097555890145e-01
1.000000000000000000e+00 8.000000000000000000e+00 4.000000000000000000e+00 9.837713240271479531e-01 8.529050675413289984e-01 1.100000000000000089e+00 1.665334536937730127e-17 -4.163336342344340108e-17 9.536724149011399643e-01 9.532528097555890145e-01
2.000000000000000000e+00 5.000000000000000000e+00 1.000000000000000000e+00 1.267949192431110095e-01 9.587226201702860051e-02 1.199999999999999956e+00 -2.081668171172170054e-17 -1.387778780781449990e-17 9.073448298022790404e-01 9.184306847430060428e-01
2.000000000000000000e+00 5.000000000000000000e+00 2.000000000000000000e+00 4.732050807568889961e-01 9.587226201702860051e-02 1.199999999999999956e+00 -8.326672684688670355e-17 -1.387778780781449990e-17 9.073448298022790404e-01 9.184306847430060428e-01
2.000000000000000000e+00 5.000000000000000000e+00 3.000000000000000000e+00 1.267949192431110095e-01 3.578001528841109891e-01 1.199999999999999956e+00 -2.081668171172170054e-17 -4.163336342344340108e-17 9.073448298022790404e-01 9.184306847430060428e-01
2.000000000000000000e+00 5.000000000000000000e+00 4.000000000000000000e+00 4.732050807568889961e-01 3.578001528841109891e-01 1.199999999999999956e+00 -8.326672684688670355e-17 -4.163336342344340108e-17 9.073448298022790404e-01 9.184306847430060428e-01
2.000000000000000000e+00 6.000000000000000000e+00 1.000000000000000000e+00 7.267949192431110150e-01 9.587226201702860051e-02 1.199999999999999956e+00 -6.106226635438360233e-17 4.857225732735059864e-17 9.073448298022790404e-01 9.184306847430050436e-01
2.000000000000000000e+00 6.000000000000000000e+00 2.000000000000000000e+00 1.073205080756890029e+00 9.587226201702860051e-02 1.199999999999999956e+00 -4.996003610813210102e-17 4.857225732735059864e-17 9.073448298022790404e-01 9.184306847430050436e-01
2.000000000000000000e+00 6.000000000000000000e+00 3.000000000000000000e+00 7.267949192431110150e-01 3.578001528841109891e-01 1.199999999999999956e+00 -6.106226635438360233e-17 0.000000000000000000e+00 9.073448298022790404e-01 9.184306847430050436e-01
2.000000000000000000e+00 6.000000000000000000e+00 4.000000000000000000e+00 1.073205080756890029e+00 3.578001528841109891e-01 1.199999999999999956e+00 -4.996003610813210102e-17 0.000000000000000000e+00 9.073448298022790404e-01 9.184306847430050436e-01
2.000000000000000000e+00 7.000000000000000000e+00 1.000000000000000000e+00 1.267949192431110095e-01 5.495446769181679958e-01 1.199999999999999956e+00 2.775557561562890118e-17 -5.551115123125780237e-17 9.073448298022790404e-01 9.184306847430060428e-01
2.000000000000000000e+00 7.000000000000000000e+00 2.000000000000000000e+00 4.732050807568889961e-01 5.495446769181679958e-01 1.199999999999999956e+00 1.110223024625159992e-16 -5.551115123125780237e-17 9.073448298022790404e-01 9.184306847430060428e-01
2.000000000000000000e+00 7.000000000000000000e+00 3.000000000000000000e+00 1.267949192431110095e-01 8.114725677852510088e-01 1.199999999999999956e+00 2.775557561562890118e-17 -8.326672684688670355e-17 9.073448298022790404e-01 9.184306847430060428e-01
2.000000000000000000e+00 7.000000000000000000e+00 4.000000000000000000e+00 4.732050807568889961e-01 8.114725677852510088e-01 1.199999999999999956e+00 1.110223024625159992e-16 -8.326672684688670355e-17 9.073448298022790404e-01 9.184306847430060428e-01
2.000000000000000000e+00 8.000000000000000000e+00 1.000000000000000000e+00 7.267949192431110150e-01 5.495446769181679958e-01 1.199999999999999956e+00 1.332267629550190018e-16 -3.469446951953609875e-17 9.073448298022790404e-01 9.184306847430050436e-01
2.000000000000000000e+00 8.000000000000000000e+00 2.000000000000000000e+00 1.073205080756890029e+00 5.495446769181679958e-01 1.199999999999999956e+00 3.330669073875470114e-17 -3.469446951953609875e-17 9.073448298022790404e-01 9.184306847430050436e-01
2.000000000000000000e+00 8.000000000000000000e+00 3.000000000000000000e+00 7.267949192431110150e-01 8.114725677852510088e-01 1.199999999999999956e+00 1.332267629550190018e-16 -8.326672684688680216e-17 9.073448298022790404e-01 9.184306847430050436e-01
2.000000000000000000e+00 8.000000000000000000e+00 4.000000000000000000e+00 1.073205080756890029e+00 8.114725677852510088e-01 1.199999999999999956e+00 3.330669073875470114e-17 -8.326672684688680216e-17 9.073448298022790404e-01 9.184306847430050436e-01
2.000000000000000000e+00 5.000000000000000000e+00 1.000000000000000000e+00 1.267949192431110095e-01 9.648854849466219352e-02 1.199999999999999956e+00 -2.081668171172170054e-17 -6.938893903907229918e-18 9.131774276506390287e-01 9.125645335729299923e-01
2.000000000000000000e+00 5.000000000000000000e+00 2.000000000000000000e+00 4.732050807568889961e-01 9.648854849466219352e-02 1.199999999999999956e+00 -1.110223024625159992e-16 -6.938893903907229918e-18 9.131774276506390287e-01 9.125645335729299923e-01
2.000000000000000000e+00 5.000000000000000000e+00 3.000000000000000000e+00 1.267949192431110095e-01 3.601001653306569739e-01 1.199999999999999956e+00 -2.081668171172170054e-17 -2.775557561562890118e-17 9.131774276506390287e-01 9.125645335729299923e-01
2.000000000000000000e+00 5.000000000000000000e+00 4.000000000000000000e+00 4.732050807568889961e-01 3.601001653306569739e-01 1.199999999999999956e+00 -1.110223024625159992e-16 -2.775557561562890118e-17 9.131774276506390287e-01 9.125645335729299923e-01
2.000000000000000000e+00 6.000000000000000000e+00 1.000000000000000000e+00 7.267949192431110150e-01 9.648854849466219352e-02 1.199999999999999956e+00 -8.881784197001250351e-17 3.122502256758250305e-17 9.131774276506390287e-01 9.125645335729299923e-01
2.000000000000000000e+00 6.000000000000000000e+00 2.000000000000000000e+00 1.073205080756890029e+00 9.648854849466219352e-02 1.199999999999999956e+00 -2.914335439641039740e-17 3.122502256758250305e-17 9.131774276506390287e-01 9.125645335729299923e-01
2.000000000000000000e+00 6.000000000000000000e+00 3.000000000000000000e+00 7.267949192431110150e-01 3.601001653306569739e-01 1.199999999999999956e+00 -8.881784197001250351e-17 1.387778780781449990e-17 9.131774276506390287e-01 9.125645335729299923e-01
2.000000000000000000e+00 6.000000000000000000e+00 4.000000000000000000e+00 1.073205080756890029e+00 3.601001653306569739e-01 1.199999999999999956e+00 -2.914335439641039740e-17 1.387778780781449990e-17 9.131774276506390287e-01 9.125645335729299923e-01
2.000000000000000000e+00 7.000000000000000000e+00 1.000000000000000000e+00 1.267949192431110095e-01 5.530772623199819993e-01 1.199999999999999956e+00 2.081668171172170054e-17 -2.775557561562890118e-17 9.131774276506390287e-01 9.125645335729299923e-01
2.000000000000000000e+00 7.000000000000000000e+00 2.000000000000000000e+00 4.732050807568889961e-01 5.530772623199819993e-01 1.199999999999999956e+00 1.110223024625159992e-16 -2.775557561562890118e-17 9.131774276506390287e-01 9.125645335729299923e-01
2.000000000000000000e+00 7.000000000000000000e+00 3.000000000000000000e+00 1.267949192431110095e-01 8.166888791559769878e-01 1.199999999999999956e+00 2.081668171172170054e-17 0.000000000000000000e+00 9.131774276506390287e-01 9.125645335729299923e-01
2.000000000000000000e+00 7.000000000000000000e+00 4.000000000000000000e+00 4.732050807568889961e-01 8.166888791559769878e-01 1.199999999999999956e+00 1.110223024625159992e-16 0.000000000000000000e+00 9.131774276506390287e-01 9.125645335729299923e-01
2.000000000000000000e+00 8.000000000000000000e+00 1.000000000000000000e+00 7.267949192431110150e-01 5.530772623199819993e-01 1.199999999999999956e+00 1.332267629550190018e-16 -1.387778780781449990e-17 9.131774276506390287e-01 9.125645335729299923e-01
2.000000000000000000e+00 8.000000000000000000e+00 2.000000000000000000e+00 1.073205080756890029e+00 5.530772623199819993e-01 1.199999999999999956e+00 -8.326672684688690693e-18 -1.387778780781449990e-17 9.131774276506390287e-01 9.125645335729299923e-01
2.000000000000000000e+00 8.000000000000000000e+00 3.000000000000000000e+00 7.267949192431110150e-01 8.166888791559769878e-01 1.199999999999999956e+00 1.332267629550190018e-16 -5.551115123125780237e-17 9.131774276506390287e-01 9.125645335729299923e-01
2.000000000000000000e+00 8.000000000000000000e+00 4.000000000000000000e+00 1.073205080756890029e+00 8.166888791559769878e-01 1.199999999999999956e+00 -8.326672684688690693e-18 -5.551115123125780237e-17 9.131774276506390287e-01 9.125645335729299923e-01
3.000000000000000000e+00 5.000000000000000000e+00 1.000000000000000000e+00 1.373611625133699943e-01 9.220974962951390685e-02 1.300000000000000044e+00 -2.775557561562890118e-17 -6.938893903907229918e-18 8.726824404001389812e-01 8.814555371116039595e-01
3.000000000000000000e+00 5.000000000000000000e+00 2.000000000000000000e+00 5.126388374866299724e-01 9.220974962951390685e-02 1.300000000000000044e+00 -8.326672684688670355e-17 -6.938893903907229918e-18 8.726824404001389812e-01 8.814555371116039595e-01
3.000000000000000000e+00 5.000000000000000000e+00 3.000000000000000000e+00 1.373611625133699943e-01 3.441314705705559862e-01 1.300000000000000044e+00 -2.775557561562890118e-17 -1.387778780781449990e-17 8.726824404001389812e-01 8.814555371116039595e-01
3.000000000000000000e+00 5.000000000000000000e+00 4.000000000000000000e+00 5.126388374866299724e-01 3.441314705705559862e-01 1.300000000000000044e+00 -8.326672684688670355e-17 -1.387778780781449990e-17 8.726824404001389812e-01 8.814555371116039595e-01
3.000000000000000000e+00 6.000000000000000000e+00 1.000000000000000000e+00 7.873611625133699610e-01 9.220974962951390685e-02 1.300000000000000044e+00 -4.996003610813200241e-17 3.816391647148979922e-17 8.726824404001389812e-01 8.814555371116039595e-01
3.000000000000000000e+00 6.000000000000000000e+00 2.000000000000000000e+00 1.162638837486630106e+00 9.220974962951390685e-02 1.300000000000000044e+00 -6.106226635438360233e-17 3.816391647148979922e-17 8.726824404001389812e-01 8.814555371116039595e-01
3.000000000000000000e+00 6.000000000000000000e+00 3.000000000000000000e+00 7.873611625133699610e-01 3.441314705705559862e-01 1.300000000000000044e+00 -4.996003610813200241e-17 1.387778780781449990e-17 8.726824404001389812e-01 8.814555371116029603e-01
3.000000000000000000e+00 6.000000000000000000e+00 4.000000000000000000e+00 1.162638837486630106e+00 3.441314705705559862e-01 1.300000000000000044e+00 -6.106226635438360233e-17 1.387778780781449990e-17 8.726824404001389812e-01 8.814555371116029603e-01
3.000000000000000000e+00 7.000000000000000000e+00 1.000000000000000000e+00 1.373611625133699943e-01 5.285509698295830505e-01 1.300000000000000044e+00 2.775557561562890118e-17 -1.387778780781449990e-17 8.726824404001389812e-01 8.814555371116039595e-01
3.000000000000000000e+00 7.000000000000000000e+00 2.000000000000000000e+00 5.126388374866299724e-01 5.285509698295830505e-01 1.300000000000000044e+00 8.326672684688670355e-17 -1.387778780781449990e-17 8.726824404001389812e-01 8.814555371116039595e-01
3.000000000000000000e+00 7.000000000000000000e+00 3.000000000000000000e+00 1.373611625133699943e-01 7.804726907706249772e-01 1.300000000000000044e+00 2.775557561562890118e-17 0.000000000000000000e+00 8.726824404001389812e-01 8.814555371116039595e-01
3.000000000000000000e+00 7.000000000000000000e+00 4.000000000000000000e+00 5.126388374866299724e-01 7.804726907706249772e-01 1.300000000000000044e+00 8.326672684688670355e-17 0.000000000000000000e+00 8.726824404001389812e-01 8.814555371116039595e-01
3.000000000000000000e+00 8.000000000000000000e+00 1.000000000000000000e+00 7.873611625133699610e-01 5.285509698295830505e-01 1.300000000000000044e+00 1.443289932012700101e-16 -2.775557561562890118e-17 8.726824404001389812e-01 8.814555371116029603e-01
3.000000000000000000e+00 8.000000000000000000e+00 2.000000000000000000e+00 1.162638837486630106e+00 5.285509698295830505e-01 1.300000000000000044e+00 -3.330669073875470114e-17 -2.775557561562890118e-17 8.726824404001389812e-01 8.814555371116029603e-01
3.000000000000000000e+00 8.000000000000000000e+00 3.000000000000000000e+00 7.873611625133699610e-01 7.804726907706249772e-01 1.300000000000000044e+00 1.443289932012700101e-16 -8.326672684688680216e-17 8.726824404001389812e-01 8.814555371116039595e-01
3.000000000000000000e+00 8.000000000000000000e+00 4.000000000000000000e+00 1.162638837486630106e+00 7.804726907706249772e-01 1.300000000000000044e+00 -3.330669073875470114e-17 -8.326672684688680216e-17 8.726824404001389812e-01 8.814555371116039595e-01
3.000000000000000000e+00 5.000000000000000000e+00 1.000000000000000000e+00 1.373611625133699943e-01 9.271294347952230286e-02 1.300000000000000044e+00 -4.163336342344340108e-17 0.000000000000000000e+00 8.774447181287310382e-01 8.766714909074350137e-01
3.000000000000000000e+00 5.000000000000000000e+00 2.000000000000000000e+00 5.126388374866299724e-01 9.271294347952230286e-02 1.300000000000000044e+00 -1.387778780781450113e-16 0.000000000000000000e+00 8.774447181287310382e-01 8.766714909074350137e-01
3.000000000000000000e+00 5.000000000000000000e+00 3.000000000000000000e+00 1.373611625133699943e-01 3.460094155848429942e-01 1.300000000000000044e+00 -4.163336342344340108e-17 0.000000000000000000e+00 8.774447181287310382e-01 8.766714909074350137e-01
3.000000000000000000e+00 5.000000000000000000e+00 4.000000000000000000e+00 5.126388374866299724e-01 3.460094155848429942e-01 1.300000000000000044e+00 -1.387778780781450113e-16 0.000000000000000000e+00 8.774447181287310382e-01 8.766714909074350137e-01
3.000000000000000000e+00 6.000000000000000000e+00 1.000000000000000000e+00 7.873611625133709602e-01 9.271294347952230286e-02 1.300000000000000044e+00 -1.332267629550190018e-16 2.428612866367529932e-17 8.774447181287310382e-01 8.766714909074360129e-01
3.000000000000000000e+00 6.000000000000000000e+00 2.000000000000000000e+00 1.162638837486630106e+00 9.271294347952230286e-02 1.300000000000000044e+00 -4.718447854656910243e-17 2.428612866367529932e-17 8.774447181287310382e-01 8.766714909074360129e-01
3.000000000000000000e+00 6.000000000000000000e+00 3.000000000000000000e+00 7.873611625133699610e-01 3.460094155848429942e-01 1.300000000000000044e+00 -1.332267629550190018e-16 2.775557561562890118e-17 8.774447181287310382e-01 8.766714909074350137e-01
3.000000000000000000e+00 6.000000000000000000e+00 4.000000000000000000e+00 1.162638837486630106e+00 3.460094155848429942e-01 1.300000000000000044e+00 -4.718447854656920104e-17 2.775557561562890118e-17 8.774447181287310382e-01 8.766714909074350137e-01
3.000000000000000000e+00 7.000000000000000000e+00 1.000000000000000000e+00 1.373611625133699943e-01 5.314353025438880440e-01 1.300000000000000044e+00 2.775557561562890118e-17 1.387778780781449990e-17 8.774447181287310382e-01 8.766714909074350137e-01
3.000000000000000000e+00 7.000000000000000000e+00 2.000000000000000000e+00 5.126388374866299724e-01 5.314353025438880440e-01 1.300000000000000044e+00 1.110223024625159992e-16 1.387778780781449990e-17 8.774447181287310382e-01 8.766714909074350137e-01
3.000000000000000000e+00 7.000000000000000000e+00 3.000000000000000000e+00 1.373611625133699943e-01 7.847317746492089574e-01 1.300000000000000044e+00 2.775557561562890118e-17 5.551115123125780237e-17 8.774447181287310382e-01 8.766714909074350137e-01
3.000000000000000000e+00 7.000000000000000000e+00 4.000000000000000000e+00 5.126388374866299724e-01 7.847317746492089574e-01 1.300000000000000044e+00 1.110223024625159992e-16 5.551115123125780237e-17 8.774447181287310382e-01 8.766714909074350137e-01
3.000000000000000000e+00 8.000000000000000000e+00 1.000000000000000000e+00 7.873611625133699610e-01 5.314353025438880440e-01 1.300000000000000044e+00 1.443289932012700101e-16 2.775557561562890118e-17 8.774447181287310382e-01 8.766714909074350137e-01
3.000000000000000000e+00 8.000000000000000000e+00 2.000000000000000000e+00 1.162638837486630106e+00 5.314353025438880440e-01 1.300000000000000044e+00 -1.942890293094029985e-17 2.775557561562890118e-17 8.774447181287310382e-01 8.766714909074350137e-01
3.000000000000000000e+00 8.000000000000000000e+00 3.000000000000000000e+00 7.873611625133699610e-01 7.847317746492089574e-01 1.300000000000000044e+00 1.443289932012700101e-16 -2.775557561562890118e-17 8.774447181287310382e-01 8.766714909074350137e-01
3.000000000000000000e+00 8.000000000000000000e+00 4.000000000000000000e+00 1.162638837486630106e+00 7.847317746492089574e-01 1.300000000000000044e+00 -1.942890293094020125e-17 -2.775557561562890118e-17 8.774447181287310382e-01 8.766714909074350137e-01
4.000000000000000000e+00 5.000000000000000000e+00 1.000000000000000000e+00 1.479274057836300060e-01 8.893733846438239832e-02 1.399999999999999911e+00 -4.163336342344340108e-17 1.387778780781449990e-17 8.417120086068230478e-01 8.486105781809849535e-01
4.000000000000000000e+00 5.000000000000000000e+00 2.000000000000000000e+00 5.520725942163710043e-01 8.893733846438239832e-02 1.399999999999999911e+00 -1.665334536937729880e-16 1.387778780781449990e-17 8.417120086068230478e-01 8.486105781809849535e-01
4.000000000000000000e+00 5.000000000000000000e+00 3.000000000000000000e+00 1.479274057836300060e-01 3.319186658390290146e-01 1.399999999999999911e+00 -4.163336342344340108e-17 4.163336342344340108e-17 8.417120086068230478e-01 8.486105781809849535e-01
4.000000000000000000e+00 5.000000000000000000e+00 4.000000000000000000e+00 5.520725942163710043e-01 3.319186658390290146e-01 1.399999999999999911e+00 -1.665334536937729880e-16 4.163336342344340108e-17 8.417120086068230478e-01 8.486105781809849535e-01
4.000000000000000000e+00 6.000000000000000000e+00 1.000000000000000000e+00 8.479274057836300171e-01 8.893733846438239832e-02 1.399999999999999911e+00 -1.221245327087670074e-16 1.387778780781449990e-17 8.417120086068230478e-01 8.486105781809849535e-01
4.000000000000000000e+00 6.000000000000000000e+00 2.000000000000000000e+00 1.252072594216369961e+00 8.893733846438239832e-02 1.399999999999999911e+00 -1.137978600240790039e-16 1.387778780781449990e-17 8.417120086068230478e-01 8.486105781809849535e-01
4.000000000000000000e+00 6.000000000000000000e+00 3.000000000000000000e+00 8.479274057836300171e-01 3.319186658390290146e-01 1.399999999999999911e+00 -1.221245327087670074e-16 2.775557561562890118e-17 8.417120086068230478e-01 8.486105781809849535e-01
4.000000000000000000e+00 6.000000000000000000e+00 4.000000000000000000e+00 1.252072594216369961e+00 3.319186658390290146e-01 1.399999999999999911e+00 -1.137978600240790039e-16 2.775557561562890118e-17 8.417120086068230478e-01 8.486105781809849535e-01
4.000000000000000000e+00 7.000000000000000000e+00 1.000000000000000000e+00 1.479274057836300060e-01 5.097933427677939777e-01 1.399999999999999911e+00 1.387778780781449990e-17 8.326672684688670355e-17 8.417120086068230478e-01 8.486105781809849535e-01
4.000000000000000000e+00 7.000000000000000000e+00 2.000000000000000000e+00 5.520725942163710043e-01 5.097933427677939777e-01 1.399999999999999911e+00 1.110223024625159992e-16 8.326672684688670355e-17 8.417120086068230478e-01 8.486105781809849535e-01
4.000000000000000000e+00 7.000000000000000000e+00 3.000000000000000000e+00 1.479274057836300060e-01 7.527746701424410380e-01 1.399999999999999911e+00 1.387778780781449990e-17 1.665334536937729880e-16 8.417120086068230478e-01 8.486105781809849535e-01
4.000000000000000000e+00 7.000000000000000000e+00 4.000000000000000000e+00 5.520725942163710043e-01 7.527746701424410380e-01 1.399999999999999911e+00 1.110223024625159992e-16 1.665334536937729880e-16 8.417120086068230478e-01 8.486105781809849535e-01
4.000000000000000000e+00 8.000000000000000000e+00 1.000000000000000000e+00 8.479274057836300171e-01 5.097933427677939777e-01 1.399999999999999911e+00 1.554312234475220044e-16 4.163336342344340108e-17 8.417120086068230478e-01 8.486105781809849535e-01
4.000000000000000000e+00 8.000000000000000000e+00 2.000000000000000000e+00 1.252072594216369961e+00 5.097933427677939777e-01 1.399999999999999911e+00 1.110223024625159992e-17 4.163336342344340108e-17 8.417120086068230478e-01 8.486105781809849535e-01
4.000000000000000000e+00 8.000000000000000000e+00 3.000000000000000000e+00 8.479274057836300171e-01 7.527746701424410380e-01 1.399999999999999911e+00 1.554312234475220044e-16 5.551115123125780237e-17 8.417120086068230478e-01 8.486105781809849535e-01
4.000000000000000000e+00 8.000000000000000000e+00 4.000000000000000000e+00 1.252072594216369961e+00 7.527746701424410380e-01 1.399999999999999911e+00 1.110223024625159992e-17 5.551115123125780237e-17 8.417120086068230478e-01 8.486105781809849535e-01
4.000000000000000000e+00 5.000000000000000000e+00 1.000000000000000000e+00 1.479274057836300060e-01 8.934887809533680059e-02 1.399999999999999911e+00 -4.163336342344340108e-17 6.938893903907229918e-18 8.456068614928320404e-01 8.447018902196650192e-01
4.000000000000000000e+00 5.000000000000000000e+00 2.000000000000000000e+00 5.520725942163710043e-01 8.934887809533680059e-02 1.399999999999999911e+00 -1.665334536937729880e-16 6.938893903907229918e-18 8.456068614928320404e-01 8.447018902196650192e-01
4.000000000000000000e+00 5.000000000000000000e+00 3.000000000000000000e+00 1.479274057836300060e-01 3.334545526510789837e-01 1.399999999999999911e+00 -4.163336342344340108e-17 2.775557561562890118e-17 8.456068614928320404e-01 8.447018902196660184e-01
4.000000000000000000e+00 5.000000000000000000e+00 4.000000000000000000e+00 5.520725942163710043e-01 3.334545526510789837e-01 1.399999999999999911e+00 -1.665334536937729880e-16 2.775557561562890118e-17 8.456068614928320404e-01 8.447018902196660184e-01
4.000000000000000000e+00 6.000000000000000000e+00 1.000000000000000000e+00 8.479274057836300171e-01 8.934887809533680059e-02 1.399999999999999911e+00 -1.221245327087670074e-16 2.775557561562890118e-17 8.456068614928320404e-01 8.447018902196660184e-01
4.000000000000000000e+00 6.000000000000000000e+00 2.000000000000000000e+00 1.252072594216369961e+00 8.934887809533680059e-02 1.399999999999999911e+00 -1.276756478318929923e-16 2.775557561562890118e-17 8.456068614928320404e-01 8.447018902196660184e-01
4.000000000000000000e+00 6.000000000000000000e+00 3.000000000000000000e+00 8.479274057836300171e-01 3.334545526510789837e-01 1.399999999999999911e+00 -1.221245327087670074e-16 5.551115123125780237e-17 8.456068614928320404e-01 8.447018902196660184e-01
4.000000000000000000e+00 6.000000000000000000e+00 4.000000000000000000e+00 1.252072594216369961e+00 3.334545526510789837e-01 1.399999999999999911e+00 -1.276756478318929923e-16 5.551115123125780237e-17 8.456068614928320404e-01 8.447018902196660184e-01
4.000000000000000000e+00 7.000000000000000000e+00 1.000000000000000000e+00 1.479274057836300060e-01 5.121523088417530012e-01 1.399999999999999911e+00 2.775557561562890118e-17 5.551115123125780237e-17 8.456068614928320404e-01 8.447018902196660184e-01
4.000000000000000000e+00 7.000000000000000000e+00 2.000000000000000000e+00 5.520725942163710043e-01 5.121523088417530012e-01 1.399999999999999911e+00 5.551115123125780237e-17 5.551115123125780237e-17 8.456068614928320404e-01 8.447018902196660184e-01
4.000000000000000000e+00 7.000000000000000000e+00 3.000000000000000000e+00 1.479274057836300060e-01 7.562579833974949484e-01 1.399999999999999911e+00 2.775557561562890118e-17 1.110223024625159992e-16 8.456068614928320404e-01 8.447018902196660184e-01
4.000000000000000000e+00 7.000000000000000000e+00 4.000000000000000000e+00 5.520725942163710043e-01 7.562579833974949484e-01 1.399999999999999911e+00 5.551115123125780237e-17 1.110223024625159992e-16 8.456068614928320404e-01 8.447018902196660184e-01
4.000000000000000000e+00 8.000000000000000000e+00 1.000000000000000000e+00 8.479274057836300171e-01 5.121523088417530012e-01 1.399999999999999911e+00 9.992007221626410343e-17 5.551115123125780237e-17 8.456068614928320404e-01 8.447018902196660184e-01
4.000000000000000000e+00 8.000000000000000000e+00 2.000000000000000000e+00 1.252072594216369961e+00 5.121523088417530012e-01 1.399999999999999911e+00 1.110223024625159992e-17 5.551115123125780237e-17 8.456068614928320404e-01 8.447018902196660184e-01
4.000000000000000000e+00 8.000000000000000000e+00 3.000000000000000000e+00 8.479274057836300171e-01 7.562579833974949484e-01 1.399999999999999911e+00 9.992007221626410343e-17 2.775557561562890118e-17 8.456068614928320404e-01 8.447018902196660184e-01
4.000000000000000000e+00 8.000000000000000000e+00 4.000000000000000000e+00 1.252072594216369961e+00 7.562579833974949484e-01 1.399999999999999911e+00 1.110223024625159992e-17 2.775557561562890118e-17 8.456068614928320404e-01 8.447018902196660184e-01
5.000000000000000000e+00 5.000000000000000000e+00 1.000000000000000000e+00 1.584936490538889908e-01 8.598481271115139546e-02 1.500000000000000000e+00 -6.938893903907229610e-17 1.387778780781449990e-17 8.137690048569330425e-01 8.192332992381200496e-01
5.000000000000000000e+00 5.000000000000000000e+00 2.000000000000000000e+00 5.915063509461110369e-01 8.598481271115139546e-02 1.500000000000000000e+00 -2.775557561562889872e-16 1.387778780781449990e-17 8.137690048569330425e-01 8.192332992381200496e-01
5.000000000000000000e+00 5.000000000000000000e+00 3.000000000000000000e+00 1.584936490538889908e-01 3.208996897173149732e-01 1.500000000000000000e+00 -6.938893903907229610e-17 5.551115123125780237e-17 8.137690048569330425e-01 8.192332992381200496e-01
5.000000000000000000e+00 5.000000000000000000e+00 4.000000000000000000e+00 5.915063509461110369e-01 3.208996897173149732e-01 1.500000000000000000e+00 -2.775557561562889872e-16 5.551115123125780237e-17 8.137690048569330425e-01 8.192332992381200496e-01
5.000000000000000000e+00 6.000000000000000000e+00 1.000000000000000000e+00 9.084936490538889631e-01 8.598481271115139546e-02 1.500000000000000000e+00 -2.220446049250310123e-16 4.163336342344340108e-17 8.137690048569330425e-01 8.192332992381200496e-01
5.000000000000000000e+00 6.000000000000000000e+00 2.000000000000000000e+00 1.341506350946110038e+00 8.598481271115139546e-02 1.500000000000000000e+00 -1.110223024625159992e-16 4.163336342344340108e-17 8.137690048569330425e-01 8.192332992381200496e-01
5.000000000000000000e+00 6.000000000000000000e+00 3.000000000000000000e+00 9.084936490538889631e-01 3.208996897173149732e-01 1.500000000000000000e+00 -2.220446049250310123e-16 8.326672684688680216e-17 8.137690048569330425e-01 8.192332992381200496e-01
5.000000000000000000e+00 6.000000000000000000e+00 4.000000000000000000e+00 1.341506350946110038e+00 3.208996897173149732e-01 1.500000000000000000e+00 -1.110223024625159992e-16 8.326672684688680216e-17 8.137690048569330425e-01 8.192332992381200496e-01
5.000000000000000000e+00 7.000000000000000000e+00 1.000000000000000000e+00 1.584936490538889908e-01 4.928693151396180139e-01 1.500000000000000000e+00 2.775557561562890118e-17 1.110223024625159992e-16 8.137690048569330425e-01 8.192332992381200496e-01
5.000000000000000000e+00 7.000000000000000000e+00 2.000000000000000000e+00 5.915063509461110369e-01 4.928693151396180139e-01 1.500000000000000000e+00 1.110223024625159992e-16 1.110223024625159992e-16 8.137690048569330425e-01 8.192332992381200496e-01
5.000000000000000000e+00 7.000000000000000000e+00 3.000000000000000000e+00 1.584936490538889908e-01 7.277841921457810503e-01 1.500000000000000000e+00 2.775557561562890118e-17 1.665334536937729880e-16 8.137690048569330425e-01 8.192332992381200496e-01
5.000000000000000000e+00 7.000000000000000000e+00 4.000000000000000000e+00 5.915063509461110369e-01 7.277841921457810503e-01 1.500000000000000000e+00 1.110223024625159992e-16 1.665334536937729880e-16 8.137690048569330425e-01 8.192332992381200496e-01
5.000000000000000000e+00 8.000000000000000000e+00 1.000000000000000000e+00 9.084936490538889631e-01 4.928693151396180139e-01 1.500000000000000000e+00 1.110223024625159992e-16 9.714451465470119729e-17 8.137690048569330425e-01 8.192332992381200496e-01
5.000000000000000000e+00 8.000000000000000000e+00 2.000000000000000000e+00 1.341506350946110038e+00 4.928693151396180139e-01 1.500000000000000000e+00 2.775557561562890118e-17 9.714451465470119729e-17 8.137690048569330425e-01 8.192332992381200496e-01
5.000000000000000000e+00 8.000000000000000000e+00 3.000000000000000000e+00 9.084936490538889631e-01 7.277841921457810503e-01 1.500000000000000000e+00 1.110223024625159992e-16 1.110223024625159992e-16 8.137690048569330425e-01 8.192332992381200496e-01
5.000000000000000000e+00 8.000000000000000000e+00 4.000000000000000000e+00 1.341506350946110038e+00 7.277841921457820495e-01 1.500000000000000000e+00 2.775557561562890118e-17 1.110223024625159992e-16 8.137690048569330425e-01 8.192332992381200496e-01
5.000000000000000000e+00 5.000000000000000000e+00 1.000000000000000000e+00 1.584936490538889908e-01 8.632661246733780436e-02 1.500000000000000000e+00 -4.163336342344340108e-17 6.938893903907229918e-18 8.170038324815109831e-01 8.159896443102100383e-01
5.000000000000000000e+00 5.000000000000000000e+00 2.000000000000000000e+00 5.915063509461110369e-01 8.632661246733780436e-02 1.500000000000000000e+00 -1.665334536937729880e-16 6.938893903907229918e-18 8.170038324815109831e-01 8.159896443102100383e-01
5.000000000000000000e+00 5.000000000000000000e+00 3.000000000000000000e+00 1.584936490538889908e-01 3.221753037734180203e-01 1.500000000000000000e+00 -4.163336342344340108e-17 2.775557561562890118e-17 8.170038324815109831e-01 8.159896443102100383e-01
5.000000000000000000e+00 5.000000000000000000e+00 4.000000000000000000e+00 5.915063509461110369e-01 3.221753037734180203e-01 1.500000000000000000e+00 -1.665334536937729880e-16 2.775557561562890118e-17 8.170038324815109831e-01 8.159896443102100383e-01
5.000000000000000000e+00 6.000000000000000000e+00 1.000000000000000000e+00 9.084936490538889631e-01 8.632661246733780436e-02 1.500000000000000000e+00 -1.110223024625159992e-16 4.857225732735059864e-17 8.170038324815109831e-01 8.159896443102100383e-01
5.000000000000000000e+00 6.000000000000000000e+00 2.000000000000000000e+00 1.341506350946110038e+00 8.632661246733780436e-02 1.500000000000000000e+00 -1.110223024625159992e-16 4.857225732735059864e-17 8.170038324815109831e-01 8.159896443102100383e-01
5.000000000000000000e+00 6.000000000000000000e+00 3.000000000000000000e+00 9.084936490538889631e-01 3.221753037734180203e-01 1.500000000000000000e+00 -1.110223024625159992e-16 2.775557561562890118e-17 8.170038324815109831e-01 8.159896443102100383e-01
5.000000000000000000e+00 6.000000000000000000e+00 4.000000000000000000e+00 1.341506350946110038e+00 3.221753037734180203e-01 1.500000000000000000e+00 -1.110223024625159992e-16 2.775557561562890118e-17 8.170038324815109831e-01 8.159896443102100383e-01
5.000000000000000000e+00 7.000000000000000000e+00 1.000000000000000000e+00 1.584936490538889908e-01 4.948285287080930184e-01 1.500000000000000000e+00 2.775557561562890118e-17 5.551115123125780237e-17 8.170038324815109831e-01 8.159896443102100383e-01
5.000000000000000000e+00 7.000000000000000000e+00 2.000000000000000000e+00 5.915063509461110369e-01 4.948285287080930184e-01 1.500000000000000000e+00 1.110223024625159992e-16 5.551115123125780237e-17 8.170038324815109831e-01 8.159896443102100383e-01
5.000000000000000000e+00 7.000000000000000000e+00 3.000000000000000000e+00 1.584936490538889908e-01 7.306772200141730123e-01 1.500000000000000000e+00 2.775557561562890118e-17 5.551115123125780237e-17 8.170038324815109831e-01 8.159896443102100383e-01
5.000000000000000000e+00 7.000000000000000000e+00 4.000000000000000000e+00 5.915063509461110369e-01 7.306772200141730123e-01 1.500000000000000000e+00 1.110223024625159992e-16 5.551115123125780237e-17 8.170038324815109831e-01 8.159896443102100383e-01
5.000000000000000000e+00 8.000000000000000000e+00 1.000000000000000000e+00 9.084936490538889631e-01 4.948285287080930184e-01 1.500000000000000000e+00 1.110223024625159992e-16 2.775557561562890118e-17 8.170038324815109831e-01 8.159896443102100383e-01
5.000000000000000000e+00 8.000000000000000000e+00 2.000000000000000000e+00 1.341506350946110038e+00 4.948285287080930184e-01 1.500000000000000000e+00 2.775557561562890118e-17 2.775557561562890118e-17 8.170038324815109831e-01 8.159896443102100383e-01
5.000000000000000000e+00 8.000000000000000000e+00 3.000000000000000000e+00 9.084936490538889631e-01 7.306772200141730123e-01 1.500000000000000000e+00 1.110223024625159992e-16 0.000000000000000000e+00 8.170038324815109831e-01 8.159896443102100383e-01
5.000000000000000000e+00 8.000000000000000000e+00 4.000000000000000000e+00 1.341506350946110038e+00 7.306772200141730123e-01 1.500000000000000000e+00 2.775557561562890118e-17 0.000000000000000000e+00 8.170038324815109831e-01 8.159896443102100383e-01
6.000000000000000000e+00 5.000000000000000000e+00 1.000000000000000000e+00 1.690598923241480034e-01 8.330434683933879425e-02 1.600000000000000089e+00 -5.551115123125780237e-17 6.938893903907229918e-18 7.884008034701890377e-01 7.927439916968980205e-01
6.000000000000000000e+00 5.000000000000000000e+00 2.000000000000000000e+00 6.309401076758519578e-01 8.330434683933879425e-02 1.600000000000000089e+00 -2.220446049250310123e-16 6.938893903907229918e-18 7.884008034701890377e-01 7.927439916968980205e-01
6.000000000000000000e+00 5.000000000000000000e+00 3.000000000000000000e+00 1.690598923241480034e-01 3.108960548957560022e-01 1.600000000000000089e+00 -5.551115123125780237e-17 2.775557561562890118e-17 7.884008034701890377e-01 7.927439916968980205e-01
6.000000000000000000e+00 5.000000000000000000e+00 4.000000000000000000e+00 6.309401076758519578e-01 3.108960548957560022e-01 1.600000000000000089e+00 -2.220446049250310123e-16 2.775557561562890118e-17 7.884008034701890377e-01 7.927439916968980205e-01
6.000000000000000000e+00 6.000000000000000000e+00 1.000000000000000000e+00 9.690598923241480200e-01 8.330434683933879425e-02 1.600000000000000089e+00 -9.992007221626410343e-17 6.245004513516510470e-17 7.884008034701890377e-01 7.927439916968990197e-01
6.000000000000000000e+00 6.000000000000000000e+00 2.000000000000000000e+00 1.430940107675849893e+00 8.330434683933879425e-02 1.600000000000000089e+00 -9.436895709313830347e-17 6.245004513516510470e-17 7.884008034701890377e-01 7.927439916968990197e-01
6.000000000000000000e+00 6.000000000000000000e+00 3.000000000000000000e+00 9.690598923241480200e-01 3.108960548957560022e-01 1.600000000000000089e+00 -9.992007221626410343e-17 2.775557561562890118e-17 7.884008034701890377e-01 7.927439916968980205e-01
6.000000000000000000e+00 6.000000000000000000e+00 4.000000000000000000e+00 1.430940107675849893e+00 3.108960548957560022e-01 1.600000000000000089e+00 -9.436895709313830347e-17 2.775557561562890118e-17 7.884008034701890377e-01 7.927439916968980205e-01
6.000000000000000000e+00 7.000000000000000000e+00 1.000000000000000000e+00 1.690598923241480034e-01 4.775047485744339792e-01 1.600000000000000089e+00 2.775557561562890118e-17 5.551115123125780237e-17 7.884008034701890377e-01 7.927439916968980205e-01
6.000000000000000000e+00 7.000000000000000000e+00 2.000000000000000000e+00 6.309401076758519578e-01 4.775047485744339792e-01 1.600000000000000089e+00 1.110223024625159992e-16 5.551115123125780237e-17 7.884008034701890377e-01 7.927439916968980205e-01
6.000000000000000000e+00 7.000000000000000000e+00 3.000000000000000000e+00 1.690598923241480034e-01 7.050964566308509651e-01 1.600000000000000089e+00 2.775557561562890118e-17 5.551115123125780237e-17 7.884008034701890377e-01 7.927439916968980205e-01
6.000000000000000000e+00 7.000000000000000000e+00 4.000000000000000000e+00 6.309401076758519578e-01 7.050964566308509651e-01 1.600000000000000089e+00 1.110223024625159992e-16 5.551115123125780237e-17 7.884008034701890377e-01 7.927439916968980205e-01
6.000000000000000000e+00 8.000000000000000000e+00 1.000000000000000000e+00 9.690598923241480200e-01 4.775047485744339792e-01 1.600000000000000089e+00 2.331468351712829820e-16 0.000000000000000000e+00 7.884008034701890377e-01 7.927439916968980205e-01
6.000000000000000000e+00 8.000000000000000000e+00 2.000000000000000000e+00 1.430940107675849893e+00 4.775047485744339792e-01 1.600000000000000089e+00 -6.661338147750940229e-17 0.000000000000000000e+00 7.884008034701890377e-01 7.927439916968980205e-01
6.000000000000000000e+00 8.000000000000000000e+00 3.000000000000000000e+00 9.690598923241480200e-01 7.050964566308509651e-01 1.600000000000000089e+00 2.331468351712829820e-16 0.000000000000000000e+00 7.884008034701890377e-01 7.927439916968980205e-01
6.000000000000000000e+00 8.000000000000000000e+00 4.000000000000000000e+00 1.430940107675849893e+00 7.050964566308509651e-01 1.600000000000000089e+00 -6.661338147750940229e-17 0.000000000000000000e+00 7.884008034701890377e-01 7.927439916968980205e-01
6.000000000000000000e+00 5.000000000000000000e+00 1.000000000000000000e+00 1.690598923241480034e-01 8.359192164744380649e-02 1.600000000000000089e+00 -5.551115123125780237e-17 6.938893903907229918e-18 7.911224406760489769e-01 7.900167759947620549e-01
6.000000000000000000e+00 5.000000000000000000e+00 2.000000000000000000e+00 6.309401076758519578e-01 8.359192164744380649e-02 1.600000000000000089e+00 -2.220446049250310123e-16 6.938893903907229918e-18 7.911224406760489769e-01 7.900167759947620549e-01
6.000000000000000000e+00 5.000000000000000000e+00 3.000000000000000000e+00 1.690598923241480034e-01 3.119692986905809873e-01 1.600000000000000089e+00 -5.551115123125780237e-17 2.775557561562890118e-17 7.911224406760489769e-01 7.900167759947620549e-01
6.000000000000000000e+00 5.000000000000000000e+00 4.000000000000000000e+00 6.309401076758519578e-01 3.119692986905809873e-01 1.600000000000000089e+00 -2.220446049250310123e-16 2.775557561562890118e-17 7.911224406760489769e-01 7.900167759947620549e-01
6.000000000000000000e+00 6.000000000000000000e+00 1.000000000000000000e+00 9.690598923241480200e-01 8.359192164744380649e-02 1.600000000000000089e+00 -9.992007221626410343e-17 8.326672684688670355e-17 7.911224406760489769e-01 7.900167759947630541e-01
6.000000000000000000e+00 6.000000000000000000e+00 2.000000000000000000e+00 1.430940107675849893e+00 8.359192164744380649e-02 1.600000000000000089e+00 -9.436895709313830347e-17 8.326672684688670355e-17 7.911224406760489769e-01 7.900167759947630541e-01
6.000000000000000000e+00 6.000000000000000000e+00 3.000000000000000000e+00 9.690598923241480200e-01 3.119692986905809873e-01 1.600000000000000089e+00 -9.992007221626410343e-17 8.326672684688680216e-17 7.911224406760489769e-01 7.900167759947620549e-01
6.000000000000000000e+00 6.000000000000000000e+00 4.000000000000000000e+00 1.430940107675849893e+00 3.119692986905809873e-01 1.600000000000000089e+00 -9.436895709313830347e-17 8.326672684688680216e-17 7.911224406760489769e-01 7.900167759947620549e-01
6.000000000000000000e+00 7.000000000000000000e+00 1.000000000000000000e+00 1.690598923241480034e-01 4.791531419854679896e-01 1.600000000000000089e+00 2.775557561562890118e-17 4.163336342344340108e-17 7.911224406760489769e-01 7.900167759947620549e-01
6.000000000000000000e+00 7.000000000000000000e+00 2.000000000000000000e+00 6.309401076758519578e-01 4.791531419854679896e-01 1.600000000000000089e+00 1.110223024625159992e-16 4.163336342344340108e-17 7.911224406760489769e-01 7.900167759947620549e-01
6.000000000000000000e+00 7.000000000000000000e+00 3.000000000000000000e+00 1.690598923241480034e-01 7.075305190286049761e-01 1.600000000000000089e+00 2.775557561562890118e-17 1.110223024625159992e-16 7.911224406760489769e-01 7.900167759947620549e-01
6.000000000000000000e+00 7.000000000000000000e+00 4.000000000000000000e+00 6.309401076758519578e-01 7.075305190286049761e-01 1.600000000000000089e+00 1.110223024625159992e-16 1.110223024625159992e-16 7.911224406760489769e-01 7.900167759947620549e-01
6.000000000000000000e+00 8.000000000000000000e+00 1.000000000000000000e+00 9.690598923241480200e-01 4.791531419854679896e-01 1.600000000000000089e+00 2.331468351712829820e-16 6.938893903907229610e-17 7.911224406760489769e-01 7.900167759947620549e-01
6.000000000000000000e+00 8.000000000000000000e+00 2.000000000000000000e+00 1.430940107675849893e+00 4.791531419854679896e-01 1.600000000000000089e+00 -6.661338147750940229e-17 6.938893903907229610e-17 7.911224406760489769e-01 7.900167759947620549e-01
6.000000000000000000e+00 8.000000000000000000e+00 3.000000000000000000e+00 9.690598923241480200e-01 7.075305190286049761e-01 1.600000000000000089e+00 2.331468351712829820e-16 5.551115123125780237e-17 7.911224406760489769e-01 7.900167759947620549e-01
6.000000000000000000e+00 8.000000000000000000e+00 4.000000000000000000e+00 1.430940107675849893e+00 7.075305190286059753e-01 1.600000000000000089e+00 -6.661338147750940229e-17 5.551115123125780237e-17 7.911224406760489769e-01 7.900167759947620549e-01
7.000000000000000000e+00 5.000000000000000000e+00 1.000000000000000000e+00 1.796261355944069882e-01 8.085723082754979474e-02 1.699999999999999956e+00 -5.551115123125780237e-17 6.938893903907229918e-18 7.652410488705869707e-01 7.686928125272659562e-01
7.000000000000000000e+00 5.000000000000000000e+00 2.000000000000000000e+00 6.703738644055929896e-01 8.085723082754979474e-02 1.699999999999999956e+00 -2.220446049250310123e-16 6.938893903907229918e-18 7.652410488705879699e-01 7.686928125272659562e-01
7.000000000000000000e+00 5.000000000000000000e+00 3.000000000000000000e+00 1.796261355944069882e-01 3.017632936077440098e-01 1.699999999999999956e+00 -5.551115123125780237e-17 2.775557561562890118e-17 7.652410488705869707e-01 7.686928125272659562e-01
7.000000000000000000e+00 5.000000000000000000e+00 4.000000000000000000e+00 6.703738644055929896e-01 3.017632936077440098e-01 1.699999999999999956e+00 -2.220446049250310123e-16 2.775557561562890118e-17 7.652410488705879699e-01 7.686928125272659562e-01
7.000000000000000000e+00 6.000000000000000000e+00 1.000000000000000000e+00 1.029626135594410075e+00 8.085723082754979474e-02 1.699999999999999956e+00 -1.443289932012700101e-16 1.249000902703300122e-16 7.652410488705879699e-01 7.686928125272659562e-01
7.000000000000000000e+00 6.000000000000000000e+00 2.000000000000000000e+00 1.520373864405589970e+00 8.085723082754979474e-02 1.699999999999999956e+00 -7.771561172376090360e-17 1.249000902703300122e-16 7.652410488705869707e-01 7.686928125272659562e-01
7.000000000000000000e+00 6.000000000000000000e+00 3.000000000000000000e+00 1.029626135594410075e+00 3.017632936077440098e-01 1.699999999999999956e+00 -1.443289932012700101e-16 1.110223024625159992e-16 7.652410488705879699e-01 7.686928125272659562e-01
7.000000000000000000e+00 6.000000000000000000e+00 4.000000000000000000e+00 1.520373864405589970e+00 3.017632936077440098e-01 1.699999999999999956e+00 -7.771561172376100220e-17 1.110223024625159992e-16 7.652410488705869707e-01 7.686928125272659562e-01
7.000000000000000000e+00 7.000000000000000000e+00 1.000000000000000000e+00 1.796261355944069882e-01 4.634777552628440156e-01 1.699999999999999956e+00 2.775557561562890118e-17 5.551115123125780237e-17 7.652410488705879699e-01 7.686928125272659562e-01
7.000000000000000000e+00 7.000000000000000000e+00 2.000000000000000000e+00 6.703738644055929896e-01 4.634777552628440156e-01 1.699999999999999956e+00 1.110223024625159992e-16 5.551115123125780237e-17 7.652410488705879699e-01 7.686928125272659562e-01
7.000000000000000000e+00 7.000000000000000000e+00 3.000000000000000000e+00 1.796261355944069882e-01 6.843838180430380502e-01 1.699999999999999956e+00 2.775557561562890118e-17 5.551115123125780237e-17 7.652410488705879699e-01 7.686928125272659562e-01
7.000000000000000000e+00 7.000000000000000000e+00 4.000000000000000000e+00 6.703738644055929896e-01 6.843838180430380502e-01 1.699999999999999956e+00 1.110223024625159992e-16 5.551115123125780237e-17 7.652410488705879699e-01 7.686928125272659562e-01
7.000000000000000000e+00 8.000000000000000000e+00 1.000000000000000000e+00 1.029626135594410075e+00 4.634777552628440156e-01 1.699999999999999956e+00 1.887379141862770014e-16 9.714451465470119729e-17 7.652410488705879699e-01 7.686928125272659562e-01
7.000000000000000000e+00 8.000000000000000000e+00 2.000000000000000000e+00 1.520373864405589970e+00 4.634777552628440156e-01 1.699999999999999956e+00 -4.996003610813200241e-17 9.714451465470119729e-17 7.652410488705879699e-01 7.686928125272659562e-01
7.000000000000000000e+00 8.000000000000000000e+00 3.000000000000000000e+00 1.029626135594410075e+00 6.843838180430380502e-01 1.699999999999999956e+00 1.887379141862770014e-16 1.110223024625159992e-16 7.652410488705879699e-01 7.686928125272659562e-01
7.000000000000000000e+00 8.000000000000000000e+00 4.000000000000000000e+00 1.520373864405589970e+00 6.843838180430380502e-01 1.699999999999999956e+00 -4.996003610813200241e-17 1.110223024625159992e-16 7.652410488705879699e-01 7.686928125272659562e-01
7.000000000000000000e+00 5.000000000000000000e+00 1.000000000000000000e+00 1.796261355944069882e-01 8.110191208811029506e-02 1.699999999999999956e+00 -5.551115123125780237e-17 -6.938893903907229918e-18 7.675567371838529773e-01 7.663736967196309591e-01
7.000000000000000000e+00 5.000000000000000000e+00 2.000000000000000000e+00 6.703738644055929896e-01 8.110191208811029506e-02 1.699999999999999956e+00 -2.220446049250310123e-16 -6.938893903907229918e-18 7.675567371838529773e-01 7.663736967196309591e-01
7.000000000000000000e+00 5.000000000000000000e+00 3.000000000000000000e+00 1.796261355944069882e-01 3.026764565038160271e-01 1.699999999999999956e+00 -5.551115123125780237e-17 -2.775557561562890118e-17 7.675567371838529773e-01 7.663736967196309591e-01
7.000000000000000000e+00 5.000000000000000000e+00 4.000000000000000000e+00 6.703738644055929896e-01 3.026764565038160271e-01 1.699999999999999956e+00 -2.220446049250310123e-16 -2.775557561562890118e-17 7.675567371838529773e-01 7.663736967196309591e-01
7.000000000000000000e+00 6.000000000000000000e+00 1.000000000000000000e+00 1.029626135594410075e+00 8.110191208811029506e-02 1.699999999999999956e+00 -1.443289932012700101e-16 9.020562075079400589e-17 7.675567371838529773e-01 7.663736967196309591e-01
7.000000000000000000e+00 6.000000000000000000e+00 2.000000000000000000e+00 1.520373864405589970e+00 8.110191208811029506e-02 1.699999999999999956e+00 -7.771561172376100220e-17 9.020562075079400589e-17 7.675567371838529773e-01 7.663736967196309591e-01
7.000000000000000000e+00 6.000000000000000000e+00 3.000000000000000000e+00 1.029626135594410075e+00 3.026764565038160271e-01 1.699999999999999956e+00 -1.443289932012700101e-16 8.326672684688680216e-17 7.675567371838529773e-01 7.663736967196309591e-01
7.000000000000000000e+00 6.000000000000000000e+00 4.000000000000000000e+00 1.520373864405589970e+00 3.026764565038160271e-01 1.699999999999999956e+00 -7.771561172376100220e-17 8.326672684688680216e-17 7.675567371838529773e-01 7.663736967196309591e-01
7.000000000000000000e+00 7.000000000000000000e+00 1.000000000000000000e+00 1.796261355944069882e-01 4.648802806800370058e-01 1.699999999999999956e+00 5.551115123125780237e-17 -2.775557561562890118e-17 7.675567371838529773e-01 7.663736967196309591e-01
7.000000000000000000e+00 7.000000000000000000e+00 2.000000000000000000e+00 6.703738644055929896e-01 4.648802806800370058e-01 1.699999999999999956e+00 2.220446049250310123e-16 -2.775557561562890118e-17 7.675567371838529773e-01 7.663736967196309591e-01
7.000000000000000000e+00 7.000000000000000000e+00 3.000000000000000000e+00 1.796261355944069882e-01 6.864548250957419606e-01 1.699999999999999956e+00 5.551115123125780237e-17 0.000000000000000000e+00 7.675567371838529773e-01 7.663736967196309591e-01
7.000000000000000000e+00 7.000000000000000000e+00 4.000000000000000000e+00 6.703738644055929896e-01 6.864548250957419606e-01 1.699999999999999956e+00 2.220446049250310123e-16 0.000000000000000000e+00 7.675567371838529773e-01 7.663736967196299599e-01
7.000000000000000000e+00 8.000000000000000000e+00 1.000000000000000000e+00 1.029626135594410075e+00 4.648802806800370058e-01 1.699999999999999956e+00 2.997602166487919898e-16 4.163336342344340108e-17 7.675567371838529773e-01 7.663736967196309591e-01
7.000000000000000000e+00 8.000000000000000000e+00 2.000000000000000000e+00 1.520373864405589970e+00 4.648802806800370058e-01 1.699999999999999956e+00 -2.220446049250319983e-17 4.163336342344340108e-17 7.675567371838529773e-01 7.663736967196309591e-01
7.000000000000000000e+00 8.000000000000000000e+00 3.000000000000000000e+00 1.029626135594410075e+00 6.864548250957419606e-01 1.699999999999999956e+00 2.997602166487919898e-16 -5.551115123125780237e-17 7.675567371838529773e-01 7.663736967196309591e-01
7.000000000000000000e+00 8.000000000000000000e+00 4.000000000000000000e+00 1.520373864405589970e+00 6.864548250957419606e-01 1.699999999999999956e+00 -2.220446049250310123e-17 -5.551115123125780237e-17 7.675567371838529773e-01 7.663736967196309591e-01
8.000000000000000000e+00 5.000000000000000000e+00 1.000000000000000000e+00 1.901923788646669999e-01 7.861190252877689466e-02 1.800000000000000044e+00 -5.551115123125780237e-17 -1.387778780781449990e-17 7.439910336916559785e-01 7.467234555219159908e-01
8.000000000000000000e+00 5.000000000000000000e+00 2.000000000000000000e+00 7.098076211353340215e-01 7.861190252877679752e-02 1.800000000000000044e+00 -1.110223024625159992e-16 -1.387778780781449990e-17 7.439910336916559785e-01 7.467234555219159908e-01
8.000000000000000000e+00 5.000000000000000000e+00 3.000000000000000000e+00 1.901923788646669999e-01 2.933836143170510113e-01 1.800000000000000044e+00 -5.551115123125780237e-17 -2.775557561562890118e-17 7.439910336916559785e-01 7.467234555219159908e-01
8.000000000000000000e+00 5.000000000000000000e+00 4.000000000000000000e+00 7.098076211353330223e-01 2.933836143170510113e-01 1.800000000000000044e+00 -1.110223024625159992e-16 -2.775557561562890118e-17 7.439910336916559785e-01 7.467234555219159908e-01
8.000000000000000000e+00 6.000000000000000000e+00 1.000000000000000000e+00 1.090192378864669909e+00 7.861190252877689466e-02 1.800000000000000044e+00 -2.220446049250310123e-17 7.632783294297949983e-17 7.439910336916559785e-01 7.467234555219159908e-01
8.000000000000000000e+00 6.000000000000000000e+00 2.000000000000000000e+00 1.609807621135330047e+00 7.861190252877689466e-02 1.800000000000000044e+00 -6.106226635438360233e-17 7.632783294297949983e-17 7.439910336916559785e-01 7.467234555219159908e-01
8.000000000000000000e+00 6.000000000000000000e+00 3.000000000000000000e+00 1.090192378864669909e+00 2.933836143170510113e-01 1.800000000000000044e+00 -2.220446049250310123e-17 2.775557561562890118e-17 7.439910336916559785e-01 7.467234555219159908e-01
8.000000000000000000e+00 6.000000000000000000e+00 4.000000000000000000e+00 1.609807621135330047e+00 2.933836143170510113e-01 1.800000000000000044e+00 -6.106226635438370094e-17 2.775557561562890118e-17 7.439910336916559785e-01 7.467234555219159908e-01
8.000000000000000000e+00 7.000000000000000000e+00 1.000000000000000000e+00 1.901923788646669999e-01 4.506074193746050227e-01 1.800000000000000044e+00 8.326672684688670355e-17 -5.551115123125780237e-17 7.439910336916559785e-01 7.467234555219159908e-01
8.000000000000000000e+00 7.000000000000000000e+00 2.000000000000000000e+00 7.098076211353330223e-01 4.506074193746050227e-01 1.800000000000000044e+00 2.220446049250310123e-16 -5.551115123125780237e-17 7.439910336916559785e-01 7.467234555219159908e-01
8.000000000000000000e+00 7.000000000000000000e+00 3.000000000000000000e+00 1.901923788646669999e-01 6.653791311628789451e-01 1.800000000000000044e+00 8.326672684688670355e-17 -5.551115123125780237e-17 7.439910336916559785e-01 7.467234555219159908e-01
8.000000000000000000e+00 7.000000000000000000e+00 4.000000000000000000e+00 7.098076211353340215e-01 6.653791311628789451e-01 1.800000000000000044e+00 2.220446049250310123e-16 -5.551115123125780237e-17 7.439910336916559785e-01 7.467234555219159908e-01
8.000000000000000000e+00 8.000000000000000000e+00 1.000000000000000000e+00 1.090192378864669909e+00 4.506074193746050227e-01 1.800000000000000044e+00 4.218847493575600080e-16 -4.163336342344340108e-17 7.439910336916559785e-01 7.467234555219159908e-01
8.000000000000000000e+00 8.000000000000000000e+00 2.000000000000000000e+00 1.609807621135330047e+00 4.506074193746050227e-01 1.800000000000000044e+00 2.220446049250310123e-17 -4.163336342344340108e-17 7.439910336916559785e-01 7.467234555219159908e-01
8.000000000000000000e+00 8.000000000000000000e+00 3.000000000000000000e+00 1.090192378864669909e+00 6.653791311628789451e-01 1.800000000000000044e+00 4.218847493575600080e-16 -2.220446049250310123e-16 7.439910336916559785e-01 7.467234555219159908e-01
8.000000000000000000e+00 8.000000000000000000e+00 4.000000000000000000e+00 1.609807621135330047e+00 6.653791311628789451e-01 1.800000000000000044e+00 2.220446049250310123e-17 -2.220446049250310123e-16 7.439910336916559785e-01 7.467234555219159908e-01
8.000000000000000000e+00 5.000000000000000000e+00 1.000000000000000000e+00 1.901923788646669999e-01 7.882214498675170489e-02 1.800000000000000044e+00 -5.551115123125780237e-17 -6.938893903907229918e-18 7.459807896777459479e-01 7.447317186217999874e-01
8.000000000000000000e+00 5.000000000000000000e+00 2.000000000000000000e+00 7.098076211353330223e-01 7.882214498675170489e-02 1.800000000000000044e+00 -3.330669073875470114e-16 -6.938893903907229918e-18 7.459807896777459479e-01 7.447317186217999874e-01
8.000000000000000000e+00 5.000000000000000000e+00 3.000000000000000000e+00 1.901923788646669999e-01 2.941682498521209776e-01 1.800000000000000044e+00 -5.551115123125780237e-17 -5.551115123125780237e-17 7.459807896777459479e-01 7.447317186217999874e-01
8.000000000000000000e+00 5.000000000000000000e+00 4.000000000000000000e+00 7.098076211353330223e-01 2.941682498521209776e-01 1.800000000000000044e+00 -3.330669073875470114e-16 -5.551115123125780237e-17 7.459807896777459479e-01 7.447317186217999874e-01
8.000000000000000000e+00 6.000000000000000000e+00 1.000000000000000000e+00 1.090192378864669909e+00 7.882214498675170489e-02 1.800000000000000044e+00 -2.442490654175340149e-16 1.040834085586079943e-16 7.459807896777459479e-01 7.447317186217999874e-01
8.000000000000000000e+00 6.000000000000000000e+00 2.000000000000000000e+00 1.609807621135330047e+00 7.882214498675170489e-02 1.800000000000000044e+00 -1.165734175856409979e-16 1.040834085586079943e-16 7.459807896777459479e-01 7.447317186217999874e-01
8.000000000000000000e+00 6.000000000000000000e+00 3.000000000000000000e+00 1.090192378864669909e+00 2.941682498521209776e-01 1.800000000000000044e+00 -2.442490654175340149e-16 2.775557561562890118e-17 7.459807896777459479e-01 7.447317186217999874e-01
8.000000000000000000e+00 6.000000000000000000e+00 4.000000000000000000e+00 1.609807621135330047e+00 2.941682498521209776e-01 1.800000000000000044e+00 -1.165734175856420087e-16 2.775557561562890118e-17 7.459807896777459479e-01 7.447317186217999874e-01
8.000000000000000000e+00 7.000000000000000000e+00 1.000000000000000000e+00 1.901923788646669999e-01 4.518125398256250258e-01 1.800000000000000044e+00 5.551115123125780237e-17 -6.938893903907229610e-17 7.459807896777459479e-01 7.447317186217999874e-01
8.000000000000000000e+00 7.000000000000000000e+00 2.000000000000000000e+00 7.098076211353330223e-01 4.518125398256250258e-01 1.800000000000000044e+00 3.330669073875470114e-16 -6.938893903907229610e-17 7.459807896777459479e-01 7.447317186217999874e-01
8.000000000000000000e+00 7.000000000000000000e+00 3.000000000000000000e+00 1.901923788646669999e-01 6.671586446909949508e-01 1.800000000000000044e+00 5.551115123125780237e-17 -1.110223024625159992e-16 7.459807896777459479e-01 7.447317186217999874e-01
8.000000000000000000e+00 7.000000000000000000e+00 4.000000000000000000e+00 7.098076211353330223e-01 6.671586446909949508e-01 1.800000000000000044e+00 3.330669073875470114e-16 -1.110223024625159992e-16 7.459807896777459479e-01 7.447317186217999874e-01
8.000000000000000000e+00 8.000000000000000000e+00 1.000000000000000000e+00 1.090192378864669909e+00 4.518125398256250258e-01 1.800000000000000044e+00 4.218847493575600080e-16 -2.775557561562890118e-17 7.459807896777459479e-01 7.447317186217999874e-01
8.000000000000000000e+00 8.000000000000000000e+00 2.000000000000000000e+00 1.609807621135330047e+00 4.518125398256250258e-01 1.800000000000000044e+00 -6.106226635438370094e-17 -2.775557561562890118e-17 7.459807896777459479e-01 7.447317186217999874e-01
8.000000000000000000e+00 8.000000000000000000e+00 3.000000000000000000e+00 1.090192378864669909e+00 6.671586446909939516e-01 1.800000000000000044e+00 4.218847493575600080e-16 -1.110223024625159992e-16 7.459807896777459479e-01 7.447317186217999874e-01
8.000000000000000000e+00 8.000000000000000000e+00 4.000000000000000000e+00 1.609807621135330047e+00 6.671586446909939516e-01 1.800000000000000044e+00 -6.106226635438370094e-17 -1.110223024625159992e-16 7.459807896777459479e-01 7.447317186217999874e-01
9.000000000000000000e+00 5.000000000000000000e+00 1.000000000000000000e+00 2.007586221349260125e-01 7.654237788539300369e-02 1.899999999999999911e+00 -8.326672684688670355e-17 -2.775557561562890118e-17 7.244048421716400288e-01 7.265492426802140358e-01
9.000000000000000000e+00 5.000000000000000000e+00 2.000000000000000000e+00 7.492413778650740541e-01 7.654237788539300369e-02 1.899999999999999911e+00 -3.330669073875470114e-16 -2.775557561562890118e-17 7.244048421716400288e-01 7.265492426802140358e-01
9.000000000000000000e+00 5.000000000000000000e+00 3.000000000000000000e+00 2.007586221349260125e-01 2.856600432004269829e-01 1.899999999999999911e+00 -8.326672684688670355e-17 -1.110223024625159992e-16 7.244048421716400288e-01 7.265492426802140358e-01
9.000000000000000000e+00 5.000000000000000000e+00 4.000000000000000000e+00 7.492413778650740541e-01 2.856600432004269829e-01 1.899999999999999911e+00 -3.330669073875470114e-16 -1.110223024625159992e-16 7.244048421716400288e-01 7.265492426802140358e-01
9.000000000000000000e+00 6.000000000000000000e+00 1.000000000000000000e+00 1.150758622134929965e+00 7.654237788539300369e-02 1.899999999999999911e+00 -2.331468351712829820e-16 1.318389841742369940e-16 7.244048421716390296e-01 7.265492426802130366e-01
9.000000000000000000e+00 6.000000000000000000e+00 2.000000000000000000e+00 1.699241377865069902e+00 7.654237788539310083e-02 1.899999999999999911e+00 -1.831867990631509919e-16 1.318389841742369940e-16 7.244048421716390296e-01 7.265492426802130366e-01
9.000000000000000000e+00 6.000000000000000000e+00 3.000000000000000000e+00 1.150758622134929965e+00 2.856600432004269829e-01 1.899999999999999911e+00 -2.331468351712829820e-16 2.775557561562890118e-17 7.244048421716390296e-01 7.265492426802130366e-01
9.000000000000000000e+00 6.000000000000000000e+00 4.000000000000000000e+00 1.699241377865069902e+00 2.856600432004269829e-01 1.899999999999999911e+00 -1.831867990631509919e-16 2.775557561562890118e-17 7.244048421716390296e-01 7.265492426802130366e-01
9.000000000000000000e+00 7.000000000000000000e+00 1.000000000000000000e+00 2.007586221349260125e-01 4.387447989712129903e-01 1.899999999999999911e+00 8.326672684688670355e-17 -1.665334536937729880e-16 7.244048421716400288e-01 7.265492426802140358e-01
9.000000000000000000e+00 7.000000000000000000e+00 2.000000000000000000e+00 7.492413778650740541e-01 4.387447989712129903e-01 1.899999999999999911e+00 3.330669073875470114e-16 -1.665334536937729880e-16 7.244048421716400288e-01 7.265492426802140358e-01
9.000000000000000000e+00 7.000000000000000000e+00 3.000000000000000000e+00 2.007586221349260125e-01 6.478624642862470528e-01 1.899999999999999911e+00 8.326672684688670355e-17 -2.775557561562889872e-16 7.244048421716400288e-01 7.265492426802140358e-01
9.000000000000000000e+00 7.000000000000000000e+00 4.000000000000000000e+00 7.492413778650740541e-01 6.478624642862470528e-01 1.899999999999999911e+00 3.330669073875470114e-16 -2.775557561562889872e-16 7.244048421716400288e-01 7.265492426802140358e-01
9.000000000000000000e+00 8.000000000000000000e+00 1.000000000000000000e+00 1.150758622134929965e+00 4.387447989712129903e-01 1.899999999999999911e+00 5.440092820663270401e-16 -1.387778780781449990e-17 7.244048421716390296e-01 7.265492426802130366e-01
9.000000000000000000e+00 8.000000000000000000e+00 2.000000000000000000e+00 1.699241377865069902e+00 4.387447989712129903e-01 1.899999999999999911e+00 -9.992007221626420204e-17 -1.387778780781449990e-17 7.244048421716390296e-01 7.265492426802130366e-01
9.000000000000000000e+00 8.000000000000000000e+00 3.000000000000000000e+00 1.150758622134929965e+00 6.478624642862470528e-01 1.899999999999999911e+00 5.440092820663270401e-16 -5.551115123125780237e-17 7.244048421716390296e-01 7.265492426802130366e-01
9.000000000000000000e+00 8.000000000000000000e+00 4.000000000000000000e+00 1.699241377865069902e+00 6.478624642862460536e-01 1.899999999999999911e+00 -9.992007221626420204e-17 -5.551115123125780237e-17 7.244048421716390296e-01 7.265492426802130366e-01
9.000000000000000000e+00 5.000000000000000000e+00 1.000000000000000000e+00 2.007586221349260125e-01 7.672460666875159652e-02 1.899999999999999911e+00 -8.326672684688670355e-17 -1.387778780781449990e-17 7.261294738945479610e-01 7.248236139635310105e-01
9.000000000000000000e+00 5.000000000000000000e+00 2.000000000000000000e+00 7.492413778650740541e-01 7.672460666875159652e-02 1.899999999999999911e+00 -3.330669073875470114e-16 -1.387778780781449990e-17 7.261294738945479610e-01 7.248236139635310105e-01
9.000000000000000000e+00 5.000000000000000000e+00 3.000000000000000000e+00 2.007586221349260125e-01 2.863401302785230085e-01 1.899999999999999911e+00 -8.326672684688670355e-17 -5.551115123125780237e-17 7.261294738945479610e-01 7.248236139635320097e-01
9.000000000000000000e+00 5.000000000000000000e+00 4.000000000000000000e+00 7.492413778650740541e-01 2.863401302785230085e-01 1.899999999999999911e+00 -3.330669073875470114e-16 -5.551115123125780237e-17 7.261294738945479610e-01 7.248236139635320097e-01
9.000000000000000000e+00 6.000000000000000000e+00 1.000000000000000000e+00 1.150758622134929965e+00 7.672460666875159652e-02 1.899999999999999911e+00 -2.331468351712829820e-16 7.632783294297949983e-17 7.261294738945479610e-01 7.248236139635320097e-01
9.000000000000000000e+00 6.000000000000000000e+00 2.000000000000000000e+00 1.699241377865069902e+00 7.672460666875159652e-02 1.899999999999999911e+00 -1.276756478318929923e-16 7.632783294297949983e-17 7.261294738945479610e-01 7.248236139635320097e-01
9.000000000000000000e+00 6.000000000000000000e+00 3.000000000000000000e+00 1.150758622134929965e+00 2.863401302785230085e-01 1.899999999999999911e+00 -2.331468351712829820e-16 0.000000000000000000e+00 7.261294738945479610e-01 7.248236139635310105e-01
9.000000000000000000e+00 6.000000000000000000e+00 4.000000000000000000e+00 1.699241377865069902e+00 2.863401302785220093e-01 1.899999999999999911e+00 -1.276756478318929923e-16 0.000000000000000000e+00 7.261294738945479610e-01 7.248236139635310105e-01
9.000000000000000000e+00 7.000000000000000000e+00 1.000000000000000000e+00 2.007586221349260125e-01 4.397893436160260072e-01 1.899999999999999911e+00 5.551115123125780237e-17 -8.326672684688670355e-17 7.261294738945479610e-01 7.248236139635320097e-01
9.000000000000000000e+00 7.000000000000000000e+00 2.000000000000000000e+00 7.492413778650740541e-01 4.397893436160260072e-01 1.899999999999999911e+00 3.330669073875470114e-16 -8.326672684688670355e-17 7.261294738945479610e-01 7.248236139635320097e-01
9.000000000000000000e+00 7.000000000000000000e+00 3.000000000000000000e+00 2.007586221349260125e-01 6.494048672257970445e-01 1.899999999999999911e+00 5.551115123125780237e-17 -1.110223024625159992e-16 7.261294738945479610e-01 7.248236139635310105e-01
9.000000000000000000e+00 7.000000000000000000e+00 4.000000000000000000e+00 7.492413778650740541e-01 6.494048672257970445e-01 1.899999999999999911e+00 3.330669073875470114e-16 -1.110223024625159992e-16 7.261294738945479610e-01 7.248236139635310105e-01
9.000000000000000000e+00 8.000000000000000000e+00 1.000000000000000000e+00 1.150758622134929965e+00 4.397893436160260072e-01 1.899999999999999911e+00 5.440092820663270401e-16 -5.551115123125780237e-17 7.261294738945479610e-01 7.248236139635310105e-01
9.000000000000000000e+00 8.000000000000000000e+00 2.000000000000000000e+00 1.699241377865069902e+00 4.397893436160260072e-01 1.899999999999999911e+00 -7.216449660063520224e-17 -5.551115123125780237e-17 7.261294738945479610e-01 7.248236139635310105e-01
9.000000000000000000e+00 8.000000000000000000e+00 3.000000000000000000e+00 1.150758622134929965e+00 6.494048672257970445e-01 1.899999999999999911e+00 5.440092820663270401e-16 -5.551115123125780237e-17 7.261294738945479610e-01 7.248236139635310105e-01
9.000000000000000000e+00 8.000000000000000000e+00 4.000000000000000000e+00 1.699241377865069902e+00 6.494048672257970445e-01 1.899999999999999911e+00 -7.216449660063520224e-17 -5.551115123125780237e-17 7.261294738945479610e-01 7.248236139635310105e-01
1.000000000000000000e+01 5.000000000000000000e+00 1.000000000000000000e+00 2.113248654051849973e-01 7.462706835075159917e-02 2.000000000000000000e+00 -1.110223024625159992e-16 -6.938893903907229918e-18 7.062781581113499740e-01 7.079363764229149592e-01
1.000000000000000000e+01 5.000000000000000000e+00 2.000000000000000000e+00 7.886751345948149750e-01 7.462706835075150202e-02 2.000000000000000000e+00 -4.440892098500630106e-16 -6.938893903907229918e-18 7.062781581113499740e-01 7.079363764229149592e-01
1.000000000000000000e+01 5.000000000000000000e+00 3.000000000000000000e+00 2.113248654051849973e-01 2.785120107049239846e-01 2.000000000000000000e+00 -1.110223024625159992e-16 -2.775557561562890118e-17 7.062781581113499740e-01 7.079363764229149592e-01
1.000000000000000000e+01 5.000000000000000000e+00 4.000000000000000000e+00 7.886751345948149750e-01 2.785120107049239846e-01 2.000000000000000000e+00 -4.440892098500630106e-16 -2.775557561562890118e-17 7.062781581113499740e-01 7.079363764229149592e-01
1.000000000000000000e+01 6.000000000000000000e+00 1.000000000000000000e+00 1.211324865405180029e+00 7.462706835075159917e-02 2.000000000000000000e+00 -2.220446049250310123e-16 4.857225732735059864e-17 7.062781581113499740e-01 7.079363764229149592e-01
1.000000000000000000e+01 6.000000000000000000e+00 2.000000000000000000e+00 1.788675134594809979e+00 7.462706835075159917e-02 2.000000000000000000e+00 -1.387778780781450113e-16 4.857225732735059864e-17 7.062781581113499740e-01 7.079363764229149592e-01
1.000000000000000000e+01 6.000000000000000000e+00 3.000000000000000000e+00 1.211324865405180029e+00 2.785120107049239846e-01 2.000000000000000000e+00 -2.220446049250310123e-16 -5.551115123125780237e-17 7.062781581113499740e-01 7.079363764229149592e-01
1.000000000000000000e+01 6.000000000000000000e+00 4.000000000000000000e+00 1.788675134594809979e+00 2.785120107049239846e-01 2.000000000000000000e+00 -1.387778780781450113e-16 -5.551115123125780237e-17 7.062781581113499740e-01 7.079363764229149592e-01
1.000000000000000000e+01 7.000000000000000000e+00 1.000000000000000000e+00 2.113248654051849973e-01 4.277661474064269886e-01 2.000000000000000000e+00 5.551115123125780237e-17 -4.163336342344340108e-17 7.062781581113499740e-01 7.079363764229149592e-01
1.000000000000000000e+01 7.000000000000000000e+00 2.000000000000000000e+00 7.886751345948149750e-01 4.277661474064269886e-01 2.000000000000000000e+00 3.330669073875470114e-16 -4.163336342344340108e-17 7.062781581113499740e-01 7.079363764229149592e-01
1.000000000000000000e+01 7.000000000000000000e+00 3.000000000000000000e+00 2.113248654051849973e-01 6.316510897605990271e-01 2.000000000000000000e+00 5.551115123125780237e-17 -5.551115123125780237e-17 7.062781581113499740e-01 7.079363764229149592e-01
1.000000000000000000e+01 7.000000000000000000e+00 4.000000000000000000e+00 7.886751345948149750e-01 6.316510897605990271e-01 2.000000000000000000e+00 3.330669073875470114e-16 -5.551115123125780237e-17 7.062781581113499740e-01 7.079363764229149592e-01
1.000000000000000000e+01 8.000000000000000000e+00 1.000000000000000000e+00 1.211324865405180029e+00 4.277661474064269886e-01 2.000000000000000000e+00 5.551115123125779744e-16 -1.110223024625159992e-16 7.062781581113499740e-01 7.079363764229149592e-01
1.000000000000000000e+01 8.000000000000000000e+00 2.000000000000000000e+00 1.788675134594809979e+00 4.277661474064269886e-01 2.000000000000000000e+00 -8.326672684688680216e-17 -1.110223024625159992e-16 7.062781581113499740e-01 7.079363764229149592e-01
1.000000000000000000e+01 8.000000000000000000e+00 3.000000000000000000e+00 1.211324865405180029e+00 6.316510897605990271e-01 2.000000000000000000e+00 5.551115123125779744e-16 -1.665334536937739988e-16 7.062781581113499740e-01 7.079363764229149592e-01
1.000000000000000000e+01 8.000000000000000000e+00 4.000000000000000000e+00 1.788675134594809979e+00 6.316510897605990271e-01 2.000000000000000000e+00 -8.326672684688670355e-17 -1.665334536937739988e-16 7.062781581113499740e-01 7.079363764229149592e-01
1.000000000000000000e+01 5.000000000000000000e+00 1.000000000000000000e+00 2.113248654051849973e-01 7.478624499391570146e-02 2.000000000000000000e+00 -8.326672684688670355e-17 -1.387778780781449990e-17 7.077846220370129782e-01 7.064295894999720327e-01
1.000000000000000000e+01 5.000000000000000000e+00 2.000000000000000000e+00 7.886751345948149750e-01 7.478624499391570146e-02 2.000000000000000000e+00 -3.330669073875470114e-16 -1.387778780781449990e-17 7.077846220370129782e-01 7.064295894999720327e-01
1.000000000000000000e+01 5.000000000000000000e+00 3.000000000000000000e+00 2.113248654051849973e-01 2.791060660245909819e-01 2.000000000000000000e+00 -8.326672684688670355e-17 -5.551115123125780237e-17 7.077846220370129782e-01 7.064295894999720327e-01
1.000000000000000000e+01 5.000000000000000000e+00 4.000000000000000000e+00 7.886751345948149750e-01 2.791060660245909819e-01 2.000000000000000000e+00 -3.330669073875470114e-16 -5.551115123125780237e-17 7.077846220370129782e-01 7.064295894999720327e-01
1.000000000000000000e+01 6.000000000000000000e+00 1.000000000000000000e+00 1.211324865405190021e+00 7.478624499391579861e-02 2.000000000000000000e+00 -2.220446049250310123e-16 1.249000902703300122e-16 7.077846220370129782e-01 7.064295894999720327e-01
1.000000000000000000e+01 6.000000000000000000e+00 2.000000000000000000e+00 1.788675134594809979e+00 7.478624499391579861e-02 2.000000000000000000e+00 -1.110223024625159992e-16 1.249000902703300122e-16 7.077846220370129782e-01 7.064295894999720327e-01
1.000000000000000000e+01 6.000000000000000000e+00 3.000000000000000000e+00 1.211324865405180029e+00 2.791060660245909819e-01 2.000000000000000000e+00 -2.220446049250310123e-16 8.326672684688680216e-17 7.077846220370129782e-01 7.064295894999720327e-01
1.000000000000000000e+01 6.000000000000000000e+00 4.000000000000000000e+00 1.788675134594819971e+00 2.791060660245909819e-01 2.000000000000000000e+00 -1.110223024625159992e-16 8.326672684688680216e-17 7.077846220370129782e-01 7.064295894999720327e-01
1.000000000000000000e+01 7.000000000000000000e+00 1.000000000000000000e+00 2.113248654051849973e-01 4.286785560124219963e-01 2.000000000000000000e+00 5.551115123125780237e-17 -8.326672684688670355e-17 7.077846220370129782e-01 7.064295894999720327e-01
1.000000000000000000e+01 7.000000000000000000e+00 2.000000000000000000e+00 7.886751345948149750e-01 4.286785560124219963e-01 2.000000000000000000e+00 2.220446049250310123e-16 -8.326672684688670355e-17 7.077846220370129782e-01 7.064295894999720327e-01
1.000000000000000000e+01 7.000000000000000000e+00 3.000000000000000000e+00 2.113248654051849973e-01 6.329983770430970269e-01 2.000000000000000000e+00 5.551115123125780237e-17 -1.110223024625159992e-16 7.077846220370129782e-01 7.064295894999720327e-01
1.000000000000000000e+01 7.000000000000000000e+00 4.000000000000000000e+00 7.886751345948149750e-01 6.329983770430970269e-01 2.000000000000000000e+00 2.220446049250310123e-16 -1.110223024625159992e-16 7.077846220370129782e-01 7.064295894999720327e-01
1.000000000000000000e+01 8.000000000000000000e+00 1.000000000000000000e+00 1.211324865405180029e+00 4.286785560124219963e-01 2.000000000000000000e+00 4.440892098500630106e-16 2.775557561562890118e-17 7.077846220370129782e-01 7.064295894999720327e-01
1.000000000000000000e+01 8.000000000000000000e+00 2.000000000000000000e+00 1.788675134594809979e+00 4.286785560124219963e-01 2.000000000000000000e+00 -5.551115123125790098e-17 2.775557561562890118e-17 7.077846220370129782e-01 7.064295894999720327e-01
1.000000000000000000e+01 8.000000000000000000e+00 3.000000000000000000e+00 1.211324865405180029e+00 6.329983770430970269e-01 2.000000000000000000e+00 4.440892098500630106e-16 -1.110223024625159992e-16 7.077846220370129782e-01 7.064295894999720327e-01
1.000000000000000000e+01 8.000000000000000000e+00 4.000000000000000000e+00 1.788675134594819971e+00 6.329983770430970269e-01 2.000000000000000000e+00 -5.551115123125790098e-17 -1.110223024625159992e-16 7.077846220370129782e-01 7.064295894999720327e-01
